// Generated by Wraith - Game extraction tools
// Please credit DTZxPorter for using it!
MODEL
VERSION 6

NUMBONES 65
BONE 0 -1 "tag_origin"
BONE 1 0 "origin_animate_jnt"
BONE 2 1 "tag_body"
BONE 3 1 "tag_wheel_back_left"
BONE 4 1 "tag_wheel_back_right"
BONE 5 1 "tag_wheel_front_left"
BONE 6 1 "tag_wheel_front_right"
BONE 7 1 "tag_wheel_middle_left"
BONE 8 1 "tag_wheel_middle_right"
BONE 9 2 "body_animate_jnt"
BONE 10 5 "left_wheel_01_jnt"
BONE 11 7 "left_wheel_02_jnt"
BONE 12 3 "left_wheel_03_jnt"
BONE 13 6 "right_wheel_01_jnt"
BONE 14 8 "right_wheel_02_jnt"
BONE 15 4 "right_wheel_03_jnt"
BONE 16 9 "left_door"
BONE 17 9 "right_door"
BONE 18 9 "tag_c4"
BONE 19 9 "tag_deathfx"
BONE 20 9 "tag_driver"
BONE 21 9 "tag_engine_left"
BONE 22 9 "tag_engine_right"
BONE 23 9 "tag_fx_cab"
BONE 24 9 "tag_fx_tank"
BONE 25 9 "tag_fx_tire_right_r"
BONE 26 9 "tag_headlight_left"
BONE 27 9 "tag_headlight_right"
BONE 28 9 "tag_parkinglight_left_f"
BONE 29 9 "tag_parkinglight_right_f"
BONE 30 9 "tag_passenger"
BONE 31 9 "tag_player"
BONE 32 9 "tag_taillight_left"
BONE 33 9 "tag_taillight_right"
BONE 34 9 "tag_turret"
BONE 35 34 "turret_animate_jnt"
BONE 36 35 "tag_barrel"
BONE 37 36 "barrel_animate_jnt"
BONE 38 37 "tag_flash"
BONE 39 37 "tag_missile1"
BONE 40 37 "tag_missile10"
BONE 41 37 "tag_missile11"
BONE 42 37 "tag_missile12"
BONE 43 37 "tag_missile13"
BONE 44 37 "tag_missile14"
BONE 45 37 "tag_missile15"
BONE 46 37 "tag_missile16"
BONE 47 37 "tag_missile17"
BONE 48 37 "tag_missile18"
BONE 49 37 "tag_missile19"
BONE 50 37 "tag_missile2"
BONE 51 37 "tag_missile20"
BONE 52 37 "tag_missile21"
BONE 53 37 "tag_missile22"
BONE 54 37 "tag_missile23"
BONE 55 37 "tag_missile24"
BONE 56 37 "tag_missile25"
BONE 57 37 "tag_missile26"
BONE 58 37 "tag_missile3"
BONE 59 37 "tag_missile4"
BONE 60 37 "tag_missile5"
BONE 61 37 "tag_missile6"
BONE 62 37 "tag_missile7"
BONE 63 37 "tag_missile8"
BONE 64 37 "tag_missile9"

BONE 0
OFFSET 0.000000, 0.000000, 0.000000
SCALE 1.000000, 1.000000, 1.000000
X 1.000000, 0.000000, 0.000000
Y 0.000000, 1.000000, 0.000000
Z 0.000000, 0.000000, 1.000000

BONE 1
OFFSET 0.000000, 0.000000, 0.000000
SCALE 1.000000, 1.000000, 1.000000
X 1.000000, 0.000000, 0.000000
Y 0.000000, 1.000000, 0.000000
Z 0.000000, 0.000000, 1.000000

BONE 2
OFFSET 0.000000, -0.878156, 45.000000
SCALE 1.000000, 1.000000, 1.000000
X 1.000000, 0.000000, 0.000000
Y 0.000000, 1.000000, 0.000000
Z 0.000000, 0.000000, 1.000000

BONE 3
OFFSET -109.633308, 43.828529, 0.000000
SCALE 1.000000, 1.000000, 1.000000
X 1.000000, 0.000000, 0.000000
Y 0.000000, 1.000000, 0.000000
Z 0.000000, 0.000000, 1.000000

BONE 4
OFFSET -109.633316, -43.823215, 0.000000
SCALE 1.000000, 1.000000, 1.000000
X 1.000000, 0.000000, 0.000000
Y 0.000000, 1.000000, 0.000000
Z 0.000000, 0.000000, 1.000000

BONE 5
OFFSET 102.219215, 43.828529, 0.000000
SCALE 1.000000, 1.000000, 1.000000
X 1.000000, 0.000000, 0.000000
Y 0.000000, 1.000000, 0.000000
Z 0.000000, 0.000000, 1.000000

BONE 6
OFFSET 102.219208, -43.823181, 0.000000
SCALE 1.000000, 1.000000, 1.000000
X 1.000000, 0.000000, 0.000000
Y 0.000000, 1.000000, 0.000000
Z 0.000000, 0.000000, 1.000000

BONE 7
OFFSET -48.947002, 43.828602, 0.000000
SCALE 1.000000, 1.000000, 1.000000
X 1.000000, 0.000000, 0.000000
Y 0.000000, 1.000000, 0.000000
Z 0.000000, 0.000000, 1.000000

BONE 8
OFFSET -48.932323, -43.823250, 0.000000
SCALE 1.000000, 1.000000, 1.000000
X 1.000000, 0.000000, 0.000000
Y 0.000000, 1.000000, 0.000000
Z 0.000000, 0.000000, 1.000000

BONE 9
OFFSET 0.000000, -0.878156, 45.000000
SCALE 1.000000, 1.000000, 1.000000
X 1.000000, 0.000000, 0.000000
Y 0.000000, 1.000000, 0.000000
Z 0.000000, 0.000000, 1.000000

BONE 10
OFFSET 102.219215, 43.828529, 26.411207
SCALE 1.000000, 1.000000, 1.000000
X 1.000000, 0.000000, 0.000000
Y 0.000000, 1.000000, 0.000000
Z 0.000000, 0.000000, 1.000000

BONE 11
OFFSET -48.947002, 43.828602, 26.399206
SCALE 1.000000, 1.000000, 1.000000
X 1.000000, 0.000000, 0.000000
Y 0.000000, 1.000000, 0.000000
Z 0.000000, 0.000000, 1.000000

BONE 12
OFFSET -109.633308, 43.828529, 26.399206
SCALE 1.000000, 1.000000, 1.000000
X 1.000000, 0.000000, 0.000000
Y 0.000000, 1.000000, 0.000000
Z 0.000000, 0.000000, 1.000000

BONE 13
OFFSET 102.219208, -43.823181, 26.411207
SCALE 1.000000, 1.000000, 1.000000
X 1.000000, 0.000000, 0.000000
Y 0.000000, 1.000000, 0.000000
Z 0.000000, 0.000000, 1.000000

BONE 14
OFFSET -48.932323, -43.823250, 26.399206
SCALE 1.000000, 1.000000, 1.000000
X 1.000000, 0.000000, 0.000000
Y 0.000000, 1.000000, 0.000000
Z 0.000000, 0.000000, 1.000000

BONE 15
OFFSET -109.633316, -43.823215, 26.399206
SCALE 1.000000, 1.000000, 1.000000
X 1.000000, 0.000000, 0.000000
Y 0.000000, 1.000000, 0.000000
Z 0.000000, 0.000000, 1.000000

BONE 16
OFFSET 74.552132, 43.567585, 74.066078
SCALE 1.000000, 1.000000, 1.000000
X 1.000000, 0.000000, 0.000000
Y 0.000000, 1.000000, 0.000000
Z 0.000000, 0.000000, 1.000000

BONE 17
OFFSET 74.552162, -42.825729, 74.066101
SCALE 1.000000, 1.000000, 1.000000
X -1.000000, 0.000000, 0.000000
Y 0.000000, 1.000000, 0.000000
Z 0.000000, 0.000000, -1.000000

BONE 18
OFFSET -2.011512, -56.160461, 45.518326
SCALE 1.000000, 1.000000, 1.000000
X 0.992551, 0.000003, -0.121828
Y 0.121828, -0.000036, 0.992544
Z -0.000003, -0.999993, -0.000036

BONE 19
OFFSET 0.000000, -0.878156, 63.000000
SCALE 1.000000, 1.000000, 1.000000
X -0.000020, 0.000000, 1.000000
Y -0.000000, 1.000000, 0.000000
Z -1.000000, -0.000000, -0.000020

BONE 20
OFFSET 55.000000, 20.000000, 55.681366
SCALE 1.000000, 1.000000, 1.000000
X 1.000000, 0.000000, 0.000000
Y 0.000000, 1.000000, 0.000000
Z 0.000000, 0.000000, 1.000000

BONE 21
OFFSET 110.480492, 29.502710, 78.015175
SCALE 1.000000, 1.000000, 1.000000
X 1.000000, 0.000000, 0.000000
Y 0.000000, 1.000000, 0.000000
Z 0.000000, 0.000000, 1.000000

BONE 22
OFFSET 110.480003, -29.225697, 78.015198
SCALE 1.000000, 1.000000, 1.000000
X 1.000000, 0.000000, 0.000000
Y 0.000000, 1.000000, 0.000000
Z 0.000000, 0.000000, 1.000000

BONE 23
OFFSET 52.501717, -3.967443, 52.704308
SCALE 1.000000, 1.000000, 1.000000
X -0.000020, 0.000000, 1.000000
Y -0.000000, 1.000000, 0.000000
Z -1.000000, -0.000000, -0.000020

BONE 24
OFFSET 14.885688, 37.534725, 23.606623
SCALE 1.000000, 1.000000, 1.000000
X 0.000034, 0.599425, 0.800440
Y -0.000014, 0.800432, -0.599425
Z -1.000000, 0.000014, 0.000034

BONE 25
OFFSET -103.787735, -48.636776, 11.764435
SCALE 1.000000, 1.000000, 1.000000
X -0.000020, 0.000000, 1.000000
Y -0.000000, 1.000000, 0.000000
Z -1.000000, -0.000000, -0.000020

BONE 26
OFFSET 144.193405, 36.000557, 56.064056
SCALE 1.000000, 1.000000, 1.000000
X 1.000000, 0.000000, 0.000000
Y 0.000000, 1.000000, 0.000000
Z 0.000000, 0.000000, 1.000000

BONE 27
OFFSET 144.193497, -35.649143, 56.064098
SCALE 1.000000, 1.000000, 1.000000
X 1.000000, 0.000000, 0.000000
Y 0.000000, 1.000000, 0.000000
Z 0.000000, 0.000000, 1.000000

BONE 28
OFFSET 143.207352, 43.365921, 59.539417
SCALE 1.000000, 1.000000, 1.000000
X 1.000000, 0.000000, 0.000000
Y 0.000000, 1.000000, 0.000000
Z 0.000000, 0.000000, 1.000000

BONE 29
OFFSET 143.207352, -43.299717, 59.539417
SCALE 1.000000, 1.000000, 1.000000
X 1.000000, 0.000000, 0.000000
Y 0.000000, 1.000000, 0.000000
Z 0.000000, 0.000000, 1.000000

BONE 30
OFFSET 55.000000, -20.000000, 55.681366
SCALE 1.000000, 1.000000, 1.000000
X 1.000000, 0.000000, 0.000000
Y 0.000000, 1.000000, 0.000000
Z 0.000000, 0.000000, 1.000000

BONE 31
OFFSET 55.000000, 20.000000, 55.681366
SCALE 1.000000, 1.000000, 1.000000
X 1.000000, 0.000000, 0.000000
Y 0.000000, 1.000000, 0.000000
Z 0.000000, 0.000000, 1.000000

BONE 32
OFFSET -146.765213, 37.326630, 43.136787
SCALE 1.000000, 1.000000, 1.000000
X 1.000000, 0.000000, 0.000000
Y 0.000000, 1.000000, 0.000000
Z 0.000000, 0.000000, 1.000000

BONE 33
OFFSET -146.765213, -37.436081, 43.136787
SCALE 1.000000, 1.000000, 1.000000
X 1.000000, 0.000000, 0.000000
Y 0.000000, 1.000000, 0.000000
Z 0.000000, 0.000000, 1.000000

BONE 34
OFFSET -94.350662, -0.761706, 72.019142
SCALE 1.000000, 1.000000, 1.000000
X 1.000000, 0.000000, 0.000000
Y 0.000000, 1.000000, 0.000000
Z 0.000000, 0.000000, 1.000000

BONE 35
OFFSET -94.350662, -0.761706, 72.019142
SCALE 1.000000, 1.000000, 1.000000
X 1.000000, 0.000000, 0.000000
Y 0.000000, 1.000000, 0.000000
Z 0.000000, 0.000000, 1.000000

BONE 36
OFFSET -134.514267, -0.761706, 72.902168
SCALE 1.000000, 1.000000, 1.000000
X 1.000000, 0.000000, 0.000000
Y 0.000000, 1.000000, 0.000000
Z 0.000000, 0.000000, 1.000000

BONE 37
OFFSET -134.514267, -0.761706, 72.902168
SCALE 1.000000, 1.000000, 1.000000
X 1.000000, 0.000000, 0.000000
Y 0.000000, 1.000000, 0.000000
Z 0.000000, 0.000000, 1.000000

BONE 38
OFFSET -11.679619, 0.116449, 121.194763
SCALE 1.000000, 1.000000, 1.000000
X 0.987417, 0.000000, 0.158137
Y -0.000000, 1.000000, 0.000000
Z -0.158137, -0.000000, 0.987417

BONE 39
OFFSET -77.590500, -28.145092, 100.182663
SCALE 1.000000, 1.000000, 1.000000
X 0.987687, 0.000000, 0.156442
Y -0.000000, 1.000000, 0.000000
Z -0.156442, -0.000000, 0.987687

BONE 40
OFFSET -78.694893, -28.145092, 107.077583
SCALE 1.000000, 1.000000, 1.000000
X 0.987687, 0.000000, 0.156442
Y -0.000000, 1.000000, 0.000000
Z -0.156442, -0.000000, 0.987687

BONE 41
OFFSET -78.694893, -21.134785, 107.077583
SCALE 1.000000, 1.000000, 1.000000
X 0.987417, 0.000000, 0.158137
Y -0.000000, 1.000000, 0.000000
Z -0.158137, -0.000000, 0.987417

BONE 42
OFFSET -78.694893, -14.124477, 107.077583
SCALE 1.000000, 1.000000, 1.000000
X 0.987687, 0.000000, 0.156442
Y -0.000000, 1.000000, 0.000000
Z -0.156442, -0.000000, 0.987687

BONE 43
OFFSET -78.694893, -7.100365, 107.077583
SCALE 1.000000, 1.000000, 1.000000
X 0.987687, 0.000000, 0.156442
Y -0.000000, 1.000000, 0.000000
Z -0.156442, -0.000000, 0.987687

BONE 44
OFFSET -78.694893, -0.114976, 107.077583
SCALE 1.000000, 1.000000, 1.000000
X 0.987687, 0.000000, 0.156442
Y -0.000000, 1.000000, 0.000000
Z -0.156442, -0.000000, 0.987687

BONE 45
OFFSET -78.694893, 6.873930, 107.077583
SCALE 1.000000, 1.000000, 1.000000
X 0.987687, 0.000000, 0.156442
Y -0.000000, 1.000000, 0.000000
Z -0.156442, -0.000000, 0.987687

BONE 46
OFFSET -78.694893, 13.899094, 107.077583
SCALE 1.000000, 1.000000, 1.000000
X 0.987687, 0.000000, 0.156442
Y -0.000000, 1.000000, 0.000000
Z -0.156442, -0.000000, 0.987687

BONE 47
OFFSET -78.694893, 20.912422, 107.077583
SCALE 1.000000, 1.000000, 1.000000
X 0.987687, 0.000000, 0.156442
Y -0.000000, 1.000000, 0.000000
Z -0.156442, -0.000000, 0.987687

BONE 48
OFFSET -78.694893, 27.903536, 107.077583
SCALE 1.000000, 1.000000, 1.000000
X 0.987687, 0.000000, 0.156442
Y -0.000000, 1.000000, 0.000000
Z -0.156442, -0.000000, 0.987687

BONE 49
OFFSET -79.804192, -28.145092, 114.003197
SCALE 1.000000, 1.000000, 1.000000
X 0.987687, 0.000000, 0.156442
Y -0.000000, 1.000000, 0.000000
Z -0.156442, -0.000000, 0.987687

BONE 50
OFFSET -77.590500, -21.134785, 100.182663
SCALE 1.000000, 1.000000, 1.000000
X 0.987417, 0.000000, 0.158137
Y -0.000000, 1.000000, 0.000000
Z -0.158137, -0.000000, 0.987417

BONE 51
OFFSET -79.804192, -21.134785, 114.003197
SCALE 1.000000, 1.000000, 1.000000
X 0.987417, 0.000000, 0.158137
Y -0.000000, 1.000000, 0.000000
Z -0.158137, -0.000000, 0.987417

BONE 52
OFFSET -79.804192, -14.124477, 114.003197
SCALE 1.000000, 1.000000, 1.000000
X 0.987687, 0.000000, 0.156442
Y -0.000000, 1.000000, 0.000000
Z -0.156442, -0.000000, 0.987687

BONE 53
OFFSET -79.804192, -7.100365, 114.003197
SCALE 1.000000, 1.000000, 1.000000
X 0.987687, 0.000000, 0.156442
Y -0.000000, 1.000000, 0.000000
Z -0.156442, -0.000000, 0.987687

BONE 54
OFFSET -79.804192, -0.114976, 114.003197
SCALE 1.000000, 1.000000, 1.000000
X 0.987687, 0.000000, 0.156442
Y -0.000000, 1.000000, 0.000000
Z -0.156442, -0.000000, 0.987687

BONE 55
OFFSET -79.804192, 6.873930, 114.003197
SCALE 1.000000, 1.000000, 1.000000
X 0.987687, 0.000000, 0.156442
Y -0.000000, 1.000000, 0.000000
Z -0.156442, -0.000000, 0.987687

BONE 56
OFFSET -79.804192, 13.899094, 114.003197
SCALE 1.000000, 1.000000, 1.000000
X 0.987687, 0.000000, 0.156442
Y -0.000000, 1.000000, 0.000000
Z -0.156442, -0.000000, 0.987687

BONE 57
OFFSET -79.804192, 20.912422, 114.003197
SCALE 1.000000, 1.000000, 1.000000
X 0.987687, 0.000000, 0.156442
Y -0.000000, 1.000000, 0.000000
Z -0.156442, -0.000000, 0.987687

BONE 58
OFFSET -77.590500, -14.124477, 100.182663
SCALE 1.000000, 1.000000, 1.000000
X 0.987687, 0.000000, 0.156442
Y -0.000000, 1.000000, 0.000000
Z -0.156442, -0.000000, 0.987687

BONE 59
OFFSET -77.590500, -7.100365, 100.182663
SCALE 1.000000, 1.000000, 1.000000
X 0.987687, 0.000000, 0.156442
Y -0.000000, 1.000000, 0.000000
Z -0.156442, -0.000000, 0.987687

BONE 60
OFFSET -77.590500, -0.114976, 100.182663
SCALE 1.000000, 1.000000, 1.000000
X 0.987687, 0.000000, 0.156442
Y -0.000000, 1.000000, 0.000000
Z -0.156442, -0.000000, 0.987687

BONE 61
OFFSET -77.590500, 6.873930, 100.182663
SCALE 1.000000, 1.000000, 1.000000
X 0.987687, 0.000000, 0.156442
Y -0.000000, 1.000000, 0.000000
Z -0.156442, -0.000000, 0.987687

BONE 62
OFFSET -77.590500, 13.899094, 100.182663
SCALE 1.000000, 1.000000, 1.000000
X 0.987687, 0.000000, 0.156442
Y -0.000000, 1.000000, 0.000000
Z -0.156442, -0.000000, 0.987687

BONE 63
OFFSET -77.590500, 20.912422, 100.182663
SCALE 1.000000, 1.000000, 1.000000
X 0.987687, 0.000000, 0.156442
Y -0.000000, 1.000000, 0.000000
Z -0.156442, -0.000000, 0.987687

BONE 64
OFFSET -77.590500, 27.903536, 100.182663
SCALE 1.000000, 1.000000, 1.000000
X 0.987687, 0.000000, 0.156442
Y -0.000000, 1.000000, 0.000000
Z -0.156442, -0.000000, 0.987687

NUMVERTS 5079
VERT 0
OFFSET -119.370850, -32.521519, 70.031342
BONES 1
BONE 35 1.000000

VERT 1
OFFSET -119.370804, -26.150335, 70.031342
BONES 1
BONE 35 1.000000

VERT 2
OFFSET -118.341957, -32.521519, 71.060211
BONES 1
BONE 35 1.000000

VERT 3
OFFSET -118.341957, -26.150335, 71.060211
BONES 1
BONE 35 1.000000

VERT 4
OFFSET -118.341957, -26.150335, 71.060211
BONES 1
BONE 35 1.000000

VERT 5
OFFSET -117.313065, -32.521519, 70.031342
BONES 1
BONE 35 1.000000

VERT 6
OFFSET -117.313065, -26.150335, 70.031342
BONES 1
BONE 35 1.000000

VERT 7
OFFSET -117.313065, -32.521519, 70.031342
BONES 1
BONE 35 1.000000

VERT 8
OFFSET -117.313065, -26.150335, 70.031342
BONES 1
BONE 35 1.000000

VERT 9
OFFSET -118.341957, -32.521519, 69.002480
BONES 1
BONE 35 1.000000

VERT 10
OFFSET -118.341957, -26.150335, 69.002480
BONES 1
BONE 35 1.000000

VERT 11
OFFSET -119.370850, -32.521519, 70.031342
BONES 1
BONE 35 1.000000

VERT 12
OFFSET -119.370804, -26.150335, 70.031342
BONES 1
BONE 35 1.000000

VERT 13
OFFSET -118.592941, -32.463760, 68.913017
BONES 1
BONE 35 1.000000

VERT 14
OFFSET -118.592934, -33.683758, 68.913017
BONES 1
BONE 35 1.000000

VERT 15
OFFSET -117.749275, -32.463760, 69.033218
BONES 1
BONE 35 1.000000

VERT 16
OFFSET -117.749260, -33.683754, 69.033218
BONES 1
BONE 35 1.000000

VERT 17
OFFSET -119.503471, -32.463760, 69.516869
BONES 1
BONE 35 1.000000

VERT 18
OFFSET -119.503471, -33.683758, 69.516869
BONES 1
BONE 35 1.000000

VERT 19
OFFSET -118.592941, -32.463760, 68.913017
BONES 1
BONE 35 1.000000

VERT 20
OFFSET -118.592934, -33.683758, 68.913017
BONES 1
BONE 35 1.000000

VERT 21
OFFSET -119.485573, -32.463760, 70.495392
BONES 1
BONE 35 1.000000

VERT 22
OFFSET -119.485558, -33.683754, 70.495392
BONES 1
BONE 35 1.000000

VERT 23
OFFSET -119.503471, -32.463760, 69.516869
BONES 1
BONE 35 1.000000

VERT 24
OFFSET -119.503471, -33.683758, 69.516869
BONES 1
BONE 35 1.000000

VERT 25
OFFSET -118.341927, 26.155687, 69.002480
BONES 1
BONE 35 1.000000

VERT 26
OFFSET -117.313065, 26.155687, 70.031342
BONES 1
BONE 35 1.000000

VERT 27
OFFSET -117.313034, 32.526871, 70.031342
BONES 1
BONE 35 1.000000

VERT 28
OFFSET -118.341942, 32.526871, 69.002480
BONES 1
BONE 35 1.000000

VERT 29
OFFSET -119.370819, 26.155687, 70.031342
BONES 1
BONE 35 1.000000

VERT 30
OFFSET -119.370804, 32.526871, 70.031342
BONES 1
BONE 35 1.000000

VERT 31
OFFSET -118.341942, 26.155687, 71.196472
BONES 1
BONE 35 1.000000

VERT 32
OFFSET -118.341927, 32.526871, 71.196472
BONES 1
BONE 35 1.000000

VERT 33
OFFSET -118.592934, 32.469112, 68.913017
BONES 1
BONE 35 1.000000

VERT 34
OFFSET -117.749275, 32.469112, 69.033218
BONES 1
BONE 35 1.000000

VERT 35
OFFSET -118.592957, 33.689110, 68.913017
BONES 1
BONE 35 1.000000

VERT 36
OFFSET -117.749313, 33.689110, 69.033218
BONES 1
BONE 35 1.000000

VERT 37
OFFSET -118.592934, 32.469112, 68.913017
BONES 1
BONE 35 1.000000

VERT 38
OFFSET -118.592957, 33.689110, 68.913017
BONES 1
BONE 35 1.000000

VERT 39
OFFSET -119.503456, 32.469112, 69.516869
BONES 1
BONE 35 1.000000

VERT 40
OFFSET -119.503471, 33.689110, 69.516869
BONES 1
BONE 35 1.000000

VERT 41
OFFSET -119.485573, 32.469112, 70.495392
BONES 1
BONE 35 1.000000

VERT 42
OFFSET -119.503456, 32.469112, 69.516869
BONES 1
BONE 35 1.000000

VERT 43
OFFSET -119.485603, 33.689110, 70.495392
BONES 1
BONE 35 1.000000

VERT 44
OFFSET -119.503471, 33.689110, 69.516869
BONES 1
BONE 35 1.000000

VERT 45
OFFSET -117.313034, 32.526871, 70.031342
BONES 1
BONE 35 1.000000

VERT 46
OFFSET -117.313065, 26.155687, 70.031342
BONES 1
BONE 35 1.000000

VERT 47
OFFSET -118.341927, 32.526871, 71.196472
BONES 1
BONE 35 1.000000

VERT 48
OFFSET -118.341942, 26.155687, 71.196472
BONES 1
BONE 35 1.000000

VERT 49
OFFSET -126.763985, 4.614336, 65.435547
BONES 1
BONE 35 1.000000

VERT 50
OFFSET -126.755806, 5.473711, 65.600632
BONES 1
BONE 35 1.000000

VERT 51
OFFSET -126.351616, 5.479461, 65.691292
BONES 1
BONE 35 1.000000

VERT 52
OFFSET -126.207581, 4.581612, 65.638229
BONES 1
BONE 35 1.000000

VERT 53
OFFSET -126.794075, 4.083541, 64.744751
BONES 1
BONE 35 1.000000

VERT 54
OFFSET -125.572060, 3.995433, 65.403954
BONES 1
BONE 35 1.000000

VERT 55
OFFSET -126.824615, 4.093526, 63.890095
BONES 1
BONE 35 1.000000

VERT 56
OFFSET -124.742607, 3.995433, 65.098160
BONES 1
BONE 35 1.000000

VERT 57
OFFSET -126.847382, 4.630486, 63.234093
BONES 1
BONE 35 1.000000

VERT 58
OFFSET -126.061386, 4.581612, 67.415024
BONES 1
BONE 35 1.000000

VERT 59
OFFSET -125.363075, 3.995433, 67.415024
BONES 1
BONE 35 1.000000

VERT 60
OFFSET -124.451065, 3.995433, 67.415024
BONES 1
BONE 35 1.000000

VERT 61
OFFSET -123.752777, 4.581612, 67.415024
BONES 1
BONE 35 1.000000

VERT 62
OFFSET -124.107529, 4.581612, 64.863907
BONES 1
BONE 35 1.000000

VERT 63
OFFSET -126.852547, 5.466947, 63.082916
BONES 1
BONE 35 1.000000

VERT 64
OFFSET -126.219612, 5.479461, 67.415024
BONES 1
BONE 35 1.000000

VERT 65
OFFSET -123.594536, 5.479461, 67.415024
BONES 1
BONE 35 1.000000

VERT 66
OFFSET -123.963470, 5.479461, 64.810783
BONES 1
BONE 35 1.000000

VERT 67
OFFSET -124.377991, 6.269158, 64.963715
BONES 1
BONE 35 1.000000

VERT 68
OFFSET -126.837509, 6.197148, 63.515327
BONES 1
BONE 35 1.000000

VERT 69
OFFSET -125.157547, 6.580898, 65.251022
BONES 1
BONE 35 1.000000

VERT 70
OFFSET -126.809547, 6.483860, 64.314659
BONES 1
BONE 35 1.000000

VERT 71
OFFSET -125.936684, 6.269158, 65.538437
BONES 1
BONE 35 1.000000

VERT 72
OFFSET -126.777748, 6.214063, 65.134842
BONES 1
BONE 35 1.000000

VERT 73
OFFSET -124.050339, 6.269158, 67.415024
BONES 1
BONE 35 1.000000

VERT 74
OFFSET -124.906853, 6.580898, 67.415024
BONES 1
BONE 35 1.000000

VERT 75
OFFSET -125.763840, 6.269158, 67.415024
BONES 1
BONE 35 1.000000

VERT 76
OFFSET -126.351616, 5.479461, 65.691292
BONES 1
BONE 35 1.000000

VERT 77
OFFSET -126.755806, 5.473711, 65.600632
BONES 1
BONE 35 1.000000

VERT 78
OFFSET -126.219612, 5.479461, 67.415024
BONES 1
BONE 35 1.000000

VERT 79
OFFSET -126.755806, 5.473711, 65.600632
BONES 1
BONE 35 1.000000

VERT 80
OFFSET -126.745499, 5.514807, 65.873390
BONES 1
BONE 35 1.000000

VERT 81
OFFSET -126.772156, 6.415663, 65.306641
BONES 1
BONE 35 1.000000

VERT 82
OFFSET -126.777748, 6.214063, 65.134842
BONES 1
BONE 35 1.000000

VERT 83
OFFSET -126.810844, 6.743937, 64.308723
BONES 1
BONE 35 1.000000

VERT 84
OFFSET -126.809547, 6.483860, 64.314659
BONES 1
BONE 35 1.000000

VERT 85
OFFSET -126.837509, 6.197148, 63.515327
BONES 1
BONE 35 1.000000

VERT 86
OFFSET -126.844810, 6.395113, 63.336288
BONES 1
BONE 35 1.000000

VERT 87
OFFSET -126.852547, 5.466947, 63.082916
BONES 1
BONE 35 1.000000

VERT 88
OFFSET -126.862885, 5.506608, 62.810158
BONES 1
BONE 35 1.000000

VERT 89
OFFSET -126.847382, 4.630486, 63.234093
BONES 1
BONE 35 1.000000

VERT 90
OFFSET -126.856430, 4.488971, 62.994083
BONES 1
BONE 35 1.000000

VERT 91
OFFSET -126.828903, 3.835772, 63.792191
BONES 1
BONE 35 1.000000

VERT 92
OFFSET -126.824615, 4.093526, 63.890095
BONES 1
BONE 35 1.000000

VERT 93
OFFSET -126.791512, 3.823535, 64.832069
BONES 1
BONE 35 1.000000

VERT 94
OFFSET -126.794075, 4.083541, 64.744751
BONES 1
BONE 35 1.000000

VERT 95
OFFSET -126.763985, 4.614336, 65.435547
BONES 1
BONE 35 1.000000

VERT 96
OFFSET -126.755394, 4.469313, 65.672516
BONES 1
BONE 35 1.000000

VERT 97
OFFSET -126.745499, 5.514807, 65.873390
BONES 1
BONE 35 1.000000

VERT 98
OFFSET -126.755806, 5.473711, 65.600632
BONES 1
BONE 35 1.000000

VERT 99
OFFSET -126.772156, 6.415663, 65.306641
BONES 1
BONE 35 1.000000

VERT 100
OFFSET -126.745499, 5.514807, 65.873390
BONES 1
BONE 35 1.000000

VERT 101
OFFSET -127.149246, 5.514260, 65.888985
BONES 1
BONE 35 1.000000

VERT 102
OFFSET -127.175903, 6.413888, 65.322159
BONES 1
BONE 35 1.000000

VERT 103
OFFSET -127.214615, 6.742329, 64.323662
BONES 1
BONE 35 1.000000

VERT 104
OFFSET -126.810844, 6.743937, 64.308723
BONES 1
BONE 35 1.000000

VERT 105
OFFSET -127.248581, 6.393930, 63.351261
BONES 1
BONE 35 1.000000

VERT 106
OFFSET -126.844810, 6.395113, 63.336288
BONES 1
BONE 35 1.000000

VERT 107
OFFSET -127.266624, 5.506269, 62.825607
BONES 1
BONE 35 1.000000

VERT 108
OFFSET -126.862885, 5.506608, 62.810158
BONES 1
BONE 35 1.000000

VERT 109
OFFSET -127.260185, 4.489731, 63.009300
BONES 1
BONE 35 1.000000

VERT 110
OFFSET -126.856430, 4.488971, 62.994083
BONES 1
BONE 35 1.000000

VERT 111
OFFSET -127.232674, 3.837037, 63.806927
BONES 1
BONE 35 1.000000

VERT 112
OFFSET -126.828903, 3.835772, 63.792191
BONES 1
BONE 35 1.000000

VERT 113
OFFSET -126.791512, 3.823535, 64.832069
BONES 1
BONE 35 1.000000

VERT 114
OFFSET -127.195259, 3.825209, 64.847328
BONES 1
BONE 35 1.000000

VERT 115
OFFSET -127.159134, 4.470707, 65.688194
BONES 1
BONE 35 1.000000

VERT 116
OFFSET -126.755394, 4.469313, 65.672516
BONES 1
BONE 35 1.000000

VERT 117
OFFSET -127.149246, 5.514260, 65.888985
BONES 1
BONE 35 1.000000

VERT 118
OFFSET -126.745499, 5.514807, 65.873390
BONES 1
BONE 35 1.000000

VERT 119
OFFSET -115.548164, 27.077517, 68.554245
BONES 1
BONE 35 1.000000

VERT 120
OFFSET -124.516861, 27.895725, 67.385010
BONES 1
BONE 35 1.000000

VERT 121
OFFSET -115.303535, 27.875889, 68.100960
BONES 1
BONE 35 1.000000

VERT 122
OFFSET -124.519875, 28.812111, 67.104576
BONES 1
BONE 35 1.000000

VERT 123
OFFSET -124.516861, 27.895725, 67.385010
BONES 1
BONE 35 1.000000

VERT 124
OFFSET -115.548164, 27.077517, 68.554245
BONES 1
BONE 35 1.000000

VERT 125
OFFSET -115.651802, 27.139526, 67.612007
BONES 1
BONE 35 1.000000

VERT 126
OFFSET -124.300598, 28.097961, 66.495445
BONES 1
BONE 35 1.000000

VERT 127
OFFSET -124.374557, 28.641563, 66.604965
BONES 1
BONE 35 1.000000

VERT 128
OFFSET -115.454002, 27.650928, 67.623856
BONES 1
BONE 35 1.000000

VERT 129
OFFSET -124.519875, 28.812111, 67.104576
BONES 1
BONE 35 1.000000

VERT 130
OFFSET -115.303535, 27.875889, 68.100960
BONES 1
BONE 35 1.000000

VERT 131
OFFSET -127.210732, 5.894581, 64.343163
BONES 1
BONE 35 1.000000

VERT 132
OFFSET -127.214615, 6.742329, 64.323662
BONES 1
BONE 35 1.000000

VERT 133
OFFSET -127.194405, 5.757041, 64.761345
BONES 1
BONE 35 1.000000

VERT 134
OFFSET -127.224922, 5.748625, 63.936008
BONES 1
BONE 35 1.000000

VERT 135
OFFSET -127.248581, 6.393930, 63.351261
BONES 1
BONE 35 1.000000

VERT 136
OFFSET -127.232239, 5.376927, 63.715824
BONES 1
BONE 35 1.000000

VERT 137
OFFSET -127.266624, 5.506269, 62.825607
BONES 1
BONE 35 1.000000

VERT 138
OFFSET -127.229660, 4.951234, 63.792797
BONES 1
BONE 35 1.000000

VERT 139
OFFSET -127.260185, 4.489731, 63.009300
BONES 1
BONE 35 1.000000

VERT 140
OFFSET -127.232674, 3.837037, 63.806927
BONES 1
BONE 35 1.000000

VERT 141
OFFSET -127.218460, 4.677885, 64.126808
BONES 1
BONE 35 1.000000

VERT 142
OFFSET -127.195259, 3.825209, 64.847328
BONES 1
BONE 35 1.000000

VERT 143
OFFSET -127.202576, 4.672895, 64.562500
BONES 1
BONE 35 1.000000

VERT 144
OFFSET -127.187508, 4.943244, 64.914658
BONES 1
BONE 35 1.000000

VERT 145
OFFSET -127.159134, 4.470707, 65.688194
BONES 1
BONE 35 1.000000

VERT 146
OFFSET -127.149246, 5.514260, 65.888985
BONES 1
BONE 35 1.000000

VERT 147
OFFSET -127.183220, 5.380355, 64.998680
BONES 1
BONE 35 1.000000

VERT 148
OFFSET -127.175903, 6.413888, 65.322159
BONES 1
BONE 35 1.000000

VERT 149
OFFSET -128.938858, 4.449437, 63.627758
BONES 1
BONE 35 1.000000

VERT 150
OFFSET -127.077454, 4.708625, 63.979050
BONES 1
BONE 35 1.000000

VERT 151
OFFSET -127.077454, 5.790739, 63.979050
BONES 1
BONE 35 1.000000

VERT 152
OFFSET -129.117722, 5.025780, 65.049713
BONES 1
BONE 35 1.000000

VERT 153
OFFSET -127.077454, 5.249705, 65.131897
BONES 1
BONE 35 1.000000

VERT 154
OFFSET -127.077454, 5.790739, 64.747604
BONES 1
BONE 35 1.000000

VERT 155
OFFSET -129.329712, 5.602880, 64.588799
BONES 1
BONE 35 1.000000

VERT 156
OFFSET -129.346054, 5.603347, 63.647335
BONES 1
BONE 35 1.000000

VERT 157
OFFSET -149.393585, 27.517033, 68.238983
BONES 1
BONE 37 1.000000

VERT 158
OFFSET -149.487808, 27.427691, 69.390289
BONES 1
BONE 37 1.000000

VERT 159
OFFSET -150.100342, 28.052143, 69.414200
BONES 1
BONE 37 1.000000

VERT 160
OFFSET -149.964127, 28.160509, 68.118042
BONES 1
BONE 37 1.000000

VERT 161
OFFSET -149.340515, 28.292503, 67.804703
BONES 1
BONE 37 1.000000

VERT 162
OFFSET -149.193283, 27.573887, 68.201157
BONES 1
BONE 37 1.000000

VERT 163
OFFSET -149.964127, 28.160509, 68.118042
BONES 1
BONE 37 1.000000

VERT 164
OFFSET -150.100342, 28.052143, 69.414200
BONES 1
BONE 37 1.000000

VERT 165
OFFSET -150.785583, 27.096031, 69.336731
BONES 1
BONE 37 1.000000

VERT 166
OFFSET -150.562881, 27.243582, 67.741608
BONES 1
BONE 37 1.000000

VERT 167
OFFSET -149.114166, 27.670229, 66.920601
BONES 1
BONE 37 1.000000

VERT 168
OFFSET -149.340515, 28.292503, 67.804703
BONES 1
BONE 37 1.000000

VERT 169
OFFSET -149.193283, 27.573887, 68.201157
BONES 1
BONE 37 1.000000

VERT 170
OFFSET -149.021545, 27.123194, 67.518890
BONES 1
BONE 37 1.000000

VERT 171
OFFSET -149.393585, 27.517033, 68.238983
BONES 1
BONE 37 1.000000

VERT 172
OFFSET -149.838043, 26.836473, 67.959557
BONES 1
BONE 37 1.000000

VERT 173
OFFSET -149.996506, 26.718023, 69.332787
BONES 1
BONE 37 1.000000

VERT 174
OFFSET -149.487808, 27.427691, 69.390289
BONES 1
BONE 37 1.000000

VERT 175
OFFSET -149.114166, 27.670229, 66.920601
BONES 1
BONE 37 1.000000

VERT 176
OFFSET -150.785583, 27.096031, 69.336731
BONES 1
BONE 37 1.000000

VERT 177
OFFSET -150.562881, 27.243582, 67.741608
BONES 1
BONE 37 1.000000

VERT 178
OFFSET -149.196686, 27.543503, 68.338737
BONES 1
BONE 37 1.000000

VERT 179
OFFSET -148.987762, 26.995134, 67.508667
BONES 1
BONE 37 1.000000

VERT 180
OFFSET -149.193283, 27.573887, 68.201157
BONES 1
BONE 37 1.000000

VERT 181
OFFSET -149.021545, 27.123194, 67.518890
BONES 1
BONE 37 1.000000

VERT 182
OFFSET -149.114166, 27.670229, 66.920601
BONES 1
BONE 37 1.000000

VERT 183
OFFSET -149.100357, 27.660730, 66.780754
BONES 1
BONE 37 1.000000

VERT 184
OFFSET -149.375809, 28.417837, 67.856361
BONES 1
BONE 37 1.000000

VERT 185
OFFSET -149.340515, 28.292503, 67.804703
BONES 1
BONE 37 1.000000

VERT 186
OFFSET -149.193283, 27.573887, 68.201157
BONES 1
BONE 37 1.000000

VERT 187
OFFSET -149.196686, 27.543503, 68.338737
BONES 1
BONE 37 1.000000

VERT 188
OFFSET -149.196686, 27.543503, 68.338737
BONES 1
BONE 37 1.000000

VERT 189
OFFSET -148.997360, 27.594294, 68.354942
BONES 1
BONE 37 1.000000

VERT 190
OFFSET -148.987762, 26.995134, 67.508667
BONES 1
BONE 37 1.000000

VERT 191
OFFSET -148.788544, 27.046448, 67.524567
BONES 1
BONE 37 1.000000

VERT 192
OFFSET -149.176315, 28.467493, 67.872330
BONES 1
BONE 37 1.000000

VERT 193
OFFSET -148.997360, 27.594294, 68.354942
BONES 1
BONE 37 1.000000

VERT 194
OFFSET -149.375809, 28.417837, 67.856361
BONES 1
BONE 37 1.000000

VERT 195
OFFSET -149.196686, 27.543503, 68.338737
BONES 1
BONE 37 1.000000

VERT 196
OFFSET -148.901123, 27.711391, 66.796875
BONES 1
BONE 37 1.000000

VERT 197
OFFSET -149.176315, 28.467493, 67.872330
BONES 1
BONE 37 1.000000

VERT 198
OFFSET -149.100357, 27.660730, 66.780754
BONES 1
BONE 37 1.000000

VERT 199
OFFSET -149.375809, 28.417837, 67.856361
BONES 1
BONE 37 1.000000

VERT 200
OFFSET -148.788544, 27.046448, 67.524567
BONES 1
BONE 37 1.000000

VERT 201
OFFSET -148.901123, 27.711391, 66.796875
BONES 1
BONE 37 1.000000

VERT 202
OFFSET -148.987762, 26.995134, 67.508667
BONES 1
BONE 37 1.000000

VERT 203
OFFSET -149.100357, 27.660730, 66.780754
BONES 1
BONE 37 1.000000

VERT 204
OFFSET -143.773972, -29.123734, 79.760117
BONES 1
BONE 37 1.000000

VERT 205
OFFSET -143.552521, -29.934061, 78.495132
BONES 1
BONE 37 1.000000

VERT 206
OFFSET -142.691254, -30.616997, 80.063171
BONES 1
BONE 37 1.000000

VERT 207
OFFSET -144.485184, -30.556494, 79.584160
BONES 1
BONE 37 1.000000

VERT 208
OFFSET -144.074570, -30.966036, 79.990410
BONES 1
BONE 37 1.000000

VERT 209
OFFSET -143.537064, -30.285097, 81.805206
BONES 1
BONE 37 1.000000

VERT 210
OFFSET -142.181213, -30.221594, 81.805206
BONES 1
BONE 37 1.000000

VERT 211
OFFSET -143.473862, -29.533699, 80.383408
BONES 1
BONE 37 1.000000

VERT 212
OFFSET -143.773972, -29.123734, 79.760117
BONES 1
BONE 37 1.000000

VERT 213
OFFSET -142.938202, -29.083141, 81.805206
BONES 1
BONE 37 1.000000

VERT 214
OFFSET -143.589417, -29.504938, 81.805206
BONES 1
BONE 37 1.000000

VERT 215
OFFSET -144.135178, -30.127460, 80.228180
BONES 1
BONE 37 1.000000

VERT 216
OFFSET -144.321777, -29.808870, 80.064507
BONES 1
BONE 37 1.000000

VERT 217
OFFSET -144.074570, -30.966036, 79.990410
BONES 1
BONE 37 1.000000

VERT 218
OFFSET -139.079254, -30.977810, 83.262932
BONES 1
BONE 37 1.000000

VERT 219
OFFSET -136.760345, -30.977814, 85.198013
BONES 1
BONE 37 1.000000

VERT 220
OFFSET -136.760330, -32.495903, 85.198013
BONES 1
BONE 37 1.000000

VERT 221
OFFSET -139.079269, -32.495903, 83.262932
BONES 1
BONE 37 1.000000

VERT 222
OFFSET -138.866394, -30.977810, 80.188736
BONES 1
BONE 37 1.000000

VERT 223
OFFSET -138.866425, -32.495903, 80.188736
BONES 1
BONE 37 1.000000

VERT 224
OFFSET -136.760345, 32.501251, 85.198013
BONES 1
BONE 37 1.000000

VERT 225
OFFSET -136.760315, 30.983166, 85.198013
BONES 1
BONE 37 1.000000

VERT 226
OFFSET -139.079269, 32.501251, 83.262932
BONES 1
BONE 37 1.000000

VERT 227
OFFSET -139.079269, 30.983164, 83.262932
BONES 1
BONE 37 1.000000

VERT 228
OFFSET -138.866425, 32.501251, 80.188736
BONES 1
BONE 37 1.000000

VERT 229
OFFSET -138.866425, 30.983164, 80.188736
BONES 1
BONE 37 1.000000

VERT 230
OFFSET -148.761276, 27.880709, 68.191559
BONES 1
BONE 37 1.000000

VERT 231
OFFSET -148.588348, 27.392666, 67.023880
BONES 1
BONE 37 1.000000

VERT 232
OFFSET -148.928558, 27.366932, 67.201385
BONES 1
BONE 37 1.000000

VERT 233
OFFSET -149.067474, 27.761505, 68.124031
BONES 1
BONE 37 1.000000

VERT 234
OFFSET -149.161118, 28.268669, 67.252335
BONES 1
BONE 37 1.000000

VERT 235
OFFSET -148.928558, 27.366932, 67.201385
BONES 1
BONE 37 1.000000

VERT 236
OFFSET -148.588348, 27.392666, 67.023880
BONES 1
BONE 37 1.000000

VERT 237
OFFSET -148.877548, 28.508368, 67.122246
BONES 1
BONE 37 1.000000

VERT 238
OFFSET -148.896423, 28.461868, 67.867378
BONES 1
BONE 37 1.000000

VERT 239
OFFSET -149.176163, 28.230995, 67.850479
BONES 1
BONE 37 1.000000

VERT 240
OFFSET -148.761276, 27.880709, 68.191559
BONES 1
BONE 37 1.000000

VERT 241
OFFSET -149.067474, 27.761505, 68.124031
BONES 1
BONE 37 1.000000

VERT 242
OFFSET -148.898682, 27.463903, 67.558098
BONES 1
BONE 37 1.000000

VERT 243
OFFSET -148.945862, 27.742348, 67.253319
BONES 1
BONE 37 1.000000

VERT 244
OFFSET -148.788544, 27.046448, 67.524567
BONES 1
BONE 37 1.000000

VERT 245
OFFSET -148.901123, 27.711391, 66.796875
BONES 1
BONE 37 1.000000

VERT 246
OFFSET -149.176315, 28.467493, 67.872330
BONES 1
BONE 37 1.000000

VERT 247
OFFSET -149.061111, 28.058973, 67.703728
BONES 1
BONE 37 1.000000

VERT 248
OFFSET -148.986160, 27.693338, 67.905846
BONES 1
BONE 37 1.000000

VERT 249
OFFSET -148.997360, 27.594294, 68.354942
BONES 1
BONE 37 1.000000

VERT 250
OFFSET -124.374557, 28.641563, 66.604965
BONES 1
BONE 35 1.000000

VERT 251
OFFSET -148.877548, 28.508368, 67.122246
BONES 1
BONE 37 1.000000

VERT 252
OFFSET -124.300598, 28.097961, 66.495445
BONES 1
BONE 35 1.000000

VERT 253
OFFSET -138.866425, 32.501251, 80.188736
BONES 1
BONE 37 1.000000

VERT 254
OFFSET -138.866425, 30.983164, 80.188736
BONES 1
BONE 37 1.000000

VERT 255
OFFSET -136.760315, 30.983166, 85.198013
BONES 1
BONE 37 1.000000

VERT 256
OFFSET -138.866425, 32.501251, 80.188736
BONES 1
BONE 37 1.000000

VERT 257
OFFSET -139.079269, 32.501251, 83.262932
BONES 1
BONE 37 1.000000

VERT 258
OFFSET -136.760345, 32.501251, 85.198013
BONES 1
BONE 37 1.000000

VERT 259
OFFSET -119.485603, 33.689110, 70.495392
BONES 1
BONE 35 1.000000

VERT 260
OFFSET -119.503471, 33.689110, 69.516869
BONES 1
BONE 35 1.000000

VERT 261
OFFSET -118.592957, 33.689110, 68.913017
BONES 1
BONE 35 1.000000

VERT 262
OFFSET -117.749313, 33.689110, 69.033218
BONES 1
BONE 35 1.000000

VERT 263
OFFSET -119.485573, 32.469112, 70.495392
BONES 1
BONE 35 1.000000

VERT 264
OFFSET -119.485603, 33.689110, 70.495392
BONES 1
BONE 35 1.000000

VERT 265
OFFSET -117.749313, 33.689110, 69.033218
BONES 1
BONE 35 1.000000

VERT 266
OFFSET -117.749275, 32.469112, 69.033218
BONES 1
BONE 35 1.000000

VERT 267
OFFSET -119.485573, 32.469112, 70.495392
BONES 1
BONE 35 1.000000

VERT 268
OFFSET -119.503456, 32.469112, 69.516869
BONES 1
BONE 35 1.000000

VERT 269
OFFSET -118.592934, 32.469112, 68.913017
BONES 1
BONE 35 1.000000

VERT 270
OFFSET -117.749275, 32.469112, 69.033218
BONES 1
BONE 35 1.000000

VERT 271
OFFSET -138.866425, -32.495903, 80.188736
BONES 1
BONE 37 1.000000

VERT 272
OFFSET -138.866394, -30.977810, 80.188736
BONES 1
BONE 37 1.000000

VERT 273
OFFSET -136.760345, -30.977814, 85.198013
BONES 1
BONE 37 1.000000

VERT 274
OFFSET -138.866425, -32.495903, 80.188736
BONES 1
BONE 37 1.000000

VERT 275
OFFSET -139.079269, -32.495903, 83.262932
BONES 1
BONE 37 1.000000

VERT 276
OFFSET -136.760330, -32.495903, 85.198013
BONES 1
BONE 37 1.000000

VERT 277
OFFSET -119.485558, -33.683754, 70.495392
BONES 1
BONE 35 1.000000

VERT 278
OFFSET -119.485573, -32.463760, 70.495392
BONES 1
BONE 35 1.000000

VERT 279
OFFSET -117.749260, -33.683754, 69.033218
BONES 1
BONE 35 1.000000

VERT 280
OFFSET -117.749275, -32.463760, 69.033218
BONES 1
BONE 35 1.000000

VERT 281
OFFSET -119.485573, -32.463760, 70.495392
BONES 1
BONE 35 1.000000

VERT 282
OFFSET -119.503471, -32.463760, 69.516869
BONES 1
BONE 35 1.000000

VERT 283
OFFSET -118.592941, -32.463760, 68.913017
BONES 1
BONE 35 1.000000

VERT 284
OFFSET -117.749275, -32.463760, 69.033218
BONES 1
BONE 35 1.000000

VERT 285
OFFSET -119.485558, -33.683754, 70.495392
BONES 1
BONE 35 1.000000

VERT 286
OFFSET -119.503471, -33.683758, 69.516869
BONES 1
BONE 35 1.000000

VERT 287
OFFSET -118.592934, -33.683758, 68.913017
BONES 1
BONE 35 1.000000

VERT 288
OFFSET -117.749260, -33.683754, 69.033218
BONES 1
BONE 35 1.000000

VERT 289
OFFSET -62.237465, 2.062474, 61.867702
BONES 1
BONE 35 1.000000

VERT 290
OFFSET -58.597630, 2.062474, 61.867702
BONES 1
BONE 35 1.000000

VERT 291
OFFSET -58.597614, -2.150520, 61.867702
BONES 1
BONE 35 1.000000

VERT 292
OFFSET -62.237465, -2.150520, 61.867702
BONES 1
BONE 35 1.000000

VERT 293
OFFSET -58.597630, 2.062474, 61.867702
BONES 1
BONE 35 1.000000

VERT 294
OFFSET -58.597614, -2.150520, 61.867702
BONES 1
BONE 35 1.000000

VERT 295
OFFSET -62.237465, -2.150520, 61.867702
BONES 1
BONE 35 1.000000

VERT 296
OFFSET -62.237465, 2.062474, 61.867702
BONES 1
BONE 35 1.000000

VERT 297
OFFSET -56.478001, -5.295937, 94.942604
BONES 1
BONE 37 1.000000

VERT 298
OFFSET -47.509743, -5.295969, 97.205788
BONES 1
BONE 37 1.000000

VERT 299
OFFSET -56.477993, 5.207839, 94.942604
BONES 1
BONE 37 1.000000

VERT 300
OFFSET -47.509747, 5.207873, 97.205788
BONES 1
BONE 37 1.000000

VERT 301
OFFSET -47.509743, -5.295969, 97.205788
BONES 1
BONE 37 1.000000

VERT 302
OFFSET -47.509747, 5.207873, 97.205788
BONES 1
BONE 37 1.000000

VERT 303
OFFSET -56.477993, 5.207839, 94.942604
BONES 1
BONE 37 1.000000

VERT 304
OFFSET -56.478001, -5.295937, 94.942604
BONES 1
BONE 37 1.000000

VERT 305
OFFSET -112.776062, 31.132246, 81.345497
BONES 2
BONE 37 0.500000
BONE 35 0.500000

VERT 306
OFFSET -112.776054, 32.352161, 81.345497
BONES 2
BONE 37 0.500000
BONE 35 0.500000

VERT 307
OFFSET -112.389076, 31.132246, 79.974747
BONES 2
BONE 37 0.500000
BONE 35 0.500000

VERT 308
OFFSET -126.426010, 27.824856, 65.512268
BONES 2
BONE 35 0.949219
BONE 37 0.050781

VERT 309
OFFSET -126.749786, 27.859413, 65.925453
BONES 2
BONE 35 0.949219
BONE 37 0.050781

VERT 310
OFFSET -128.342453, 29.459639, 64.807266
BONES 2
BONE 35 0.949219
BONE 37 0.050781

VERT 311
OFFSET -128.185104, 29.703688, 64.269157
BONES 2
BONE 35 0.949219
BONE 37 0.050781

VERT 312
OFFSET -126.426010, 27.824856, 65.512268
BONES 2
BONE 35 0.949219
BONE 37 0.050781

VERT 313
OFFSET -130.060257, 31.101665, 66.137970
BONES 2
BONE 35 0.796875
BONE 37 0.203125

VERT 314
OFFSET -130.318665, 31.653244, 65.868790
BONES 2
BONE 35 0.796875
BONE 37 0.203125

VERT 315
OFFSET -128.617233, 29.750961, 63.831619
BONES 2
BONE 35 0.949219
BONE 37 0.050781

VERT 316
OFFSET -126.511124, 27.483248, 65.145782
BONES 2
BONE 35 0.949219
BONE 37 0.050781

VERT 317
OFFSET -131.843857, 31.282957, 67.211098
BONES 2
BONE 35 0.699219
BONE 37 0.300781

VERT 318
OFFSET -130.937012, 31.659479, 65.601021
BONES 2
BONE 35 0.796875
BONE 37 0.203125

VERT 319
OFFSET -131.520920, 30.811596, 67.426414
BONES 2
BONE 35 0.699219
BONE 37 0.300781

VERT 320
OFFSET -134.641769, 29.559958, 67.237869
BONES 2
BONE 35 0.597656
BONE 37 0.402344

VERT 321
OFFSET -132.192978, 31.229548, 66.728470
BONES 2
BONE 35 0.699219
BONE 37 0.300781

VERT 322
OFFSET -134.426819, 28.970938, 67.346558
BONES 2
BONE 35 0.597656
BONE 37 0.402344

VERT 323
OFFSET -137.551117, 27.474606, 64.910835
BONES 2
BONE 37 0.699219
BONE 35 0.300781

VERT 324
OFFSET -137.675613, 27.939892, 64.605560
BONES 2
BONE 37 0.699219
BONE 35 0.300781

VERT 325
OFFSET -134.688660, 29.753593, 66.644310
BONES 2
BONE 35 0.597656
BONE 37 0.402344

VERT 326
OFFSET -139.863083, 28.182987, 65.185326
BONES 2
BONE 37 0.796875
BONE 35 0.203125

VERT 327
OFFSET -140.134155, 28.598238, 64.862518
BONES 2
BONE 37 0.796875
BONE 35 0.203125

VERT 328
OFFSET -140.227173, 28.506413, 64.286125
BONES 2
BONE 37 0.796875
BONE 35 0.203125

VERT 329
OFFSET -137.601776, 27.933456, 64.041382
BONES 2
BONE 37 0.699219
BONE 35 0.300781

VERT 330
OFFSET -134.688660, 29.753593, 66.644310
BONES 2
BONE 35 0.597656
BONE 37 0.402344

VERT 331
OFFSET -134.305954, 28.769197, 66.267876
BONES 2
BONE 35 0.597656
BONE 37 0.402344

VERT 332
OFFSET -131.896317, 30.233551, 66.676582
BONES 2
BONE 35 0.699219
BONE 37 0.300781

VERT 333
OFFSET -132.192978, 31.229548, 66.728470
BONES 2
BONE 35 0.699219
BONE 37 0.300781

VERT 334
OFFSET -144.040054, 27.751547, 66.723671
BONES 2
BONE 37 0.898438
BONE 35 0.101562

VERT 335
OFFSET -144.275375, 28.233128, 66.407303
BONES 2
BONE 37 0.898438
BONE 35 0.101562

VERT 336
OFFSET -144.267899, 28.228462, 65.785240
BONES 2
BONE 37 0.898438
BONE 35 0.101562

VERT 337
OFFSET -144.267899, 28.228462, 65.785240
BONES 2
BONE 37 0.898438
BONE 35 0.101562

VERT 338
OFFSET -143.789978, 27.261028, 65.795830
BONES 2
BONE 37 0.898438
BONE 35 0.101562

VERT 339
OFFSET -140.227173, 28.506413, 64.286125
BONES 2
BONE 37 0.796875
BONE 35 0.203125

VERT 340
OFFSET -139.778000, 27.584179, 64.355286
BONES 2
BONE 37 0.796875
BONE 35 0.203125

VERT 341
OFFSET -137.279007, 26.997168, 64.087883
BONES 2
BONE 37 0.699219
