// Generated by Wraith - Game extraction tools
// Please credit DTZxPorter for using it!
MODEL
VERSION 6

NUMBONES 65
BONE 0 -1 "tag_origin"
BONE 1 0 "origin_animate_jnt"
BONE 2 1 "tag_body"
BONE 3 1 "tag_wheel_back_left"
BONE 4 1 "tag_wheel_back_right"
BONE 5 1 "tag_wheel_front_left"
BONE 6 1 "tag_wheel_front_right"
BONE 7 1 "tag_wheel_middle_left"
BONE 8 1 "tag_wheel_middle_right"
BONE 9 2 "body_animate_jnt"
BONE 10 5 "left_wheel_01_jnt"
BONE 11 7 "left_wheel_02_jnt"
BONE 12 3 "left_wheel_03_jnt"
BONE 13 6 "right_wheel_01_jnt"
BONE 14 8 "right_wheel_02_jnt"
BONE 15 4 "right_wheel_03_jnt"
BONE 16 9 "left_door"
BONE 17 9 "right_door"
BONE 18 9 "tag_c4"
BONE 19 9 "tag_deathfx"
BONE 20 9 "tag_driver"
BONE 21 9 "tag_engine_left"
BONE 22 9 "tag_engine_right"
BONE 23 9 "tag_fx_cab"
BONE 24 9 "tag_fx_tank"
BONE 25 9 "tag_fx_tire_right_r"
BONE 26 9 "tag_headlight_left"
BONE 27 9 "tag_headlight_right"
BONE 28 9 "tag_parkinglight_left_f"
BONE 29 9 "tag_parkinglight_right_f"
BONE 30 9 "tag_passenger"
BONE 31 9 "tag_player"
BONE 32 9 "tag_taillight_left"
BONE 33 9 "tag_taillight_right"
BONE 34 9 "tag_turret"
BONE 35 34 "turret_animate_jnt"
BONE 36 35 "tag_barrel"
BONE 37 36 "barrel_animate_jnt"
BONE 38 37 "tag_flash"
BONE 39 37 "tag_missile1"
BONE 40 37 "tag_missile10"
BONE 41 37 "tag_missile11"
BONE 42 37 "tag_missile12"
BONE 43 37 "tag_missile13"
BONE 44 37 "tag_missile14"
BONE 45 37 "tag_missile15"
BONE 46 37 "tag_missile16"
BONE 47 37 "tag_missile17"
BONE 48 37 "tag_missile18"
BONE 49 37 "tag_missile19"
BONE 50 37 "tag_missile2"
BONE 51 37 "tag_missile20"
BONE 52 37 "tag_missile21"
BONE 53 37 "tag_missile22"
BONE 54 37 "tag_missile23"
BONE 55 37 "tag_missile24"
BONE 56 37 "tag_missile25"
BONE 57 37 "tag_missile26"
BONE 58 37 "tag_missile3"
BONE 59 37 "tag_missile4"
BONE 60 37 "tag_missile5"
BONE 61 37 "tag_missile6"
BONE 62 37 "tag_missile7"
BONE 63 37 "tag_missile8"
BONE 64 37 "tag_missile9"

BONE 0
OFFSET 0.000000, 0.000000, 0.000000
SCALE 1.000000, 1.000000, 1.000000
X 1.000000, 0.000000, 0.000000
Y 0.000000, 1.000000, 0.000000
Z 0.000000, 0.000000, 1.000000

BONE 1
OFFSET 0.000000, 0.000000, 0.000000
SCALE 1.000000, 1.000000, 1.000000
X 1.000000, 0.000000, 0.000000
Y 0.000000, 1.000000, 0.000000
Z 0.000000, 0.000000, 1.000000

BONE 2
OFFSET 0.000000, -0.878156, 45.000000
SCALE 1.000000, 1.000000, 1.000000
X 1.000000, 0.000000, 0.000000
Y 0.000000, 1.000000, 0.000000
Z 0.000000, 0.000000, 1.000000

BONE 3
OFFSET -109.633308, 43.828529, 0.000000
SCALE 1.000000, 1.000000, 1.000000
X 1.000000, 0.000000, 0.000000
Y 0.000000, 1.000000, 0.000000
Z 0.000000, 0.000000, 1.000000

BONE 4
OFFSET -109.633316, -43.823215, 0.000000
SCALE 1.000000, 1.000000, 1.000000
X 1.000000, 0.000000, 0.000000
Y 0.000000, 1.000000, 0.000000
Z 0.000000, 0.000000, 1.000000

BONE 5
OFFSET 102.219215, 43.828529, 0.000000
SCALE 1.000000, 1.000000, 1.000000
X 1.000000, 0.000000, 0.000000
Y 0.000000, 1.000000, 0.000000
Z 0.000000, 0.000000, 1.000000

BONE 6
OFFSET 102.219208, -43.823181, 0.000000
SCALE 1.000000, 1.000000, 1.000000
X 1.000000, 0.000000, 0.000000
Y 0.000000, 1.000000, 0.000000
Z 0.000000, 0.000000, 1.000000

BONE 7
OFFSET -48.947002, 43.828602, 0.000000
SCALE 1.000000, 1.000000, 1.000000
X 1.000000, 0.000000, 0.000000
Y 0.000000, 1.000000, 0.000000
Z 0.000000, 0.000000, 1.000000

BONE 8
OFFSET -48.932323, -43.823250, 0.000000
SCALE 1.000000, 1.000000, 1.000000
X 1.000000, 0.000000, 0.000000
Y 0.000000, 1.000000, 0.000000
Z 0.000000, 0.000000, 1.000000

BONE 9
OFFSET 0.000000, -0.878156, 45.000000
SCALE 1.000000, 1.000000, 1.000000
X 1.000000, 0.000000, 0.000000
Y 0.000000, 1.000000, 0.000000
Z 0.000000, 0.000000, 1.000000

BONE 10
OFFSET 102.219215, 43.828529, 26.411207
SCALE 1.000000, 1.000000, 1.000000
X 1.000000, 0.000000, 0.000000
Y 0.000000, 1.000000, 0.000000
Z 0.000000, 0.000000, 1.000000

BONE 11
OFFSET -48.947002, 43.828602, 26.399206
SCALE 1.000000, 1.000000, 1.000000
X 1.000000, 0.000000, 0.000000
Y 0.000000, 1.000000, 0.000000
Z 0.000000, 0.000000, 1.000000

BONE 12
OFFSET -109.633308, 43.828529, 26.399206
SCALE 1.000000, 1.000000, 1.000000
X 1.000000, 0.000000, 0.000000
Y 0.000000, 1.000000, 0.000000
Z 0.000000, 0.000000, 1.000000

BONE 13
OFFSET 102.219208, -43.823181, 26.411207
SCALE 1.000000, 1.000000, 1.000000
X 1.000000, 0.000000, 0.000000
Y 0.000000, 1.000000, 0.000000
Z 0.000000, 0.000000, 1.000000

BONE 14
OFFSET -48.932323, -43.823250, 26.399206
SCALE 1.000000, 1.000000, 1.000000
X 1.000000, 0.000000, 0.000000
Y 0.000000, 1.000000, 0.000000
Z 0.000000, 0.000000, 1.000000

BONE 15
OFFSET -109.633316, -43.823215, 26.399206
SCALE 1.000000, 1.000000, 1.000000
X 1.000000, 0.000000, 0.000000
Y 0.000000, 1.000000, 0.000000
Z 0.000000, 0.000000, 1.000000

BONE 16
OFFSET 74.552132, 43.567585, 74.066078
SCALE 1.000000, 1.000000, 1.000000
X 1.000000, 0.000000, 0.000000
Y 0.000000, 1.000000, 0.000000
Z 0.000000, 0.000000, 1.000000

BONE 17
OFFSET 74.552162, -42.825729, 74.066101
SCALE 1.000000, 1.000000, 1.000000
X -1.000000, 0.000000, 0.000000
Y 0.000000, 1.000000, 0.000000
Z 0.000000, 0.000000, -1.000000

BONE 18
OFFSET -2.011512, -56.160461, 45.518326
SCALE 1.000000, 1.000000, 1.000000
X 0.992551, 0.000003, -0.121828
Y 0.121828, -0.000036, 0.992544
Z -0.000003, -0.999993, -0.000036

BONE 19
OFFSET 0.000000, -0.878156, 63.000000
SCALE 1.000000, 1.000000, 1.000000
X -0.000020, 0.000000, 1.000000
Y -0.000000, 1.000000, 0.000000
Z -1.000000, -0.000000, -0.000020

BONE 20
OFFSET 55.000000, 20.000000, 55.681366
SCALE 1.000000, 1.000000, 1.000000
X 1.000000, 0.000000, 0.000000
Y 0.000000, 1.000000, 0.000000
Z 0.000000, 0.000000, 1.000000

BONE 21
OFFSET 110.480492, 29.502710, 78.015175
SCALE 1.000000, 1.000000, 1.000000
X 1.000000, 0.000000, 0.000000
Y 0.000000, 1.000000, 0.000000
Z 0.000000, 0.000000, 1.000000

BONE 22
OFFSET 110.480003, -29.225697, 78.015198
SCALE 1.000000, 1.000000, 1.000000
X 1.000000, 0.000000, 0.000000
Y 0.000000, 1.000000, 0.000000
Z 0.000000, 0.000000, 1.000000

BONE 23
OFFSET 52.501717, -3.967443, 52.704308
SCALE 1.000000, 1.000000, 1.000000
X -0.000020, 0.000000, 1.000000
Y -0.000000, 1.000000, 0.000000
Z -1.000000, -0.000000, -0.000020

BONE 24
OFFSET 14.885688, 37.534725, 23.606623
SCALE 1.000000, 1.000000, 1.000000
X 0.000034, 0.599425, 0.800440
Y -0.000014, 0.800432, -0.599425
Z -1.000000, 0.000014, 0.000034

BONE 25
OFFSET -103.787735, -48.636776, 11.764435
SCALE 1.000000, 1.000000, 1.000000
X -0.000020, 0.000000, 1.000000
Y -0.000000, 1.000000, 0.000000
Z -1.000000, -0.000000, -0.000020

BONE 26
OFFSET 144.193405, 36.000557, 56.064056
SCALE 1.000000, 1.000000, 1.000000
X 1.000000, 0.000000, 0.000000
Y 0.000000, 1.000000, 0.000000
Z 0.000000, 0.000000, 1.000000

BONE 27
OFFSET 144.193497, -35.649143, 56.064098
SCALE 1.000000, 1.000000, 1.000000
X 1.000000, 0.000000, 0.000000
Y 0.000000, 1.000000, 0.000000
Z 0.000000, 0.000000, 1.000000

BONE 28
OFFSET 143.207352, 43.365921, 59.539417
SCALE 1.000000, 1.000000, 1.000000
X 1.000000, 0.000000, 0.000000
Y 0.000000, 1.000000, 0.000000
Z 0.000000, 0.000000, 1.000000

BONE 29
OFFSET 143.207352, -43.299717, 59.539417
SCALE 1.000000, 1.000000, 1.000000
X 1.000000, 0.000000, 0.000000
Y 0.000000, 1.000000, 0.000000
Z 0.000000, 0.000000, 1.000000

BONE 30
OFFSET 55.000000, -20.000000, 55.681366
SCALE 1.000000, 1.000000, 1.000000
X 1.000000, 0.000000, 0.000000
Y 0.000000, 1.000000, 0.000000
Z 0.000000, 0.000000, 1.000000

BONE 31
OFFSET 55.000000, 20.000000, 55.681366
SCALE 1.000000, 1.000000, 1.000000
X 1.000000, 0.000000, 0.000000
Y 0.000000, 1.000000, 0.000000
Z 0.000000, 0.000000, 1.000000

BONE 32
OFFSET -146.765213, 37.326630, 43.136787
SCALE 1.000000, 1.000000, 1.000000
X 1.000000, 0.000000, 0.000000
Y 0.000000, 1.000000, 0.000000
Z 0.000000, 0.000000, 1.000000

BONE 33
OFFSET -146.765213, -37.436081, 43.136787
SCALE 1.000000, 1.000000, 1.000000
X 1.000000, 0.000000, 0.000000
Y 0.000000, 1.000000, 0.000000
Z 0.000000, 0.000000, 1.000000

BONE 34
OFFSET -94.350662, -0.761706, 72.019142
SCALE 1.000000, 1.000000, 1.000000
X 1.000000, 0.000000, 0.000000
Y 0.000000, 1.000000, 0.000000
Z 0.000000, 0.000000, 1.000000

BONE 35
OFFSET -94.350662, -0.761706, 72.019142
SCALE 1.000000, 1.000000, 1.000000
X 1.000000, 0.000000, 0.000000
Y 0.000000, 1.000000, 0.000000
Z 0.000000, 0.000000, 1.000000

BONE 36
OFFSET -134.514267, -0.761706, 72.902168
SCALE 1.000000, 1.000000, 1.000000
X 1.000000, 0.000000, 0.000000
Y 0.000000, 1.000000, 0.000000
Z 0.000000, 0.000000, 1.000000

BONE 37
OFFSET -134.514267, -0.761706, 72.902168
SCALE 1.000000, 1.000000, 1.000000
X 1.000000, 0.000000, 0.000000
Y 0.000000, 1.000000, 0.000000
Z 0.000000, 0.000000, 1.000000

BONE 38
OFFSET -11.679619, 0.116449, 121.194763
SCALE 1.000000, 1.000000, 1.000000
X 0.987417, 0.000000, 0.158137
Y -0.000000, 1.000000, 0.000000
Z -0.158137, -0.000000, 0.987417

BONE 39
OFFSET -77.590500, -28.145092, 100.182663
SCALE 1.000000, 1.000000, 1.000000
X 0.987687, 0.000000, 0.156442
Y -0.000000, 1.000000, 0.000000
Z -0.156442, -0.000000, 0.987687

BONE 40
OFFSET -78.694893, -28.145092, 107.077583
SCALE 1.000000, 1.000000, 1.000000
X 0.987687, 0.000000, 0.156442
Y -0.000000, 1.000000, 0.000000
Z -0.156442, -0.000000, 0.987687

BONE 41
OFFSET -78.694893, -21.134785, 107.077583
SCALE 1.000000, 1.000000, 1.000000
X 0.987417, 0.000000, 0.158137
Y -0.000000, 1.000000, 0.000000
Z -0.158137, -0.000000, 0.987417

BONE 42
OFFSET -78.694893, -14.124477, 107.077583
SCALE 1.000000, 1.000000, 1.000000
X 0.987687, 0.000000, 0.156442
Y -0.000000, 1.000000, 0.000000
Z -0.156442, -0.000000, 0.987687

BONE 43
OFFSET -78.694893, -7.100365, 107.077583
SCALE 1.000000, 1.000000, 1.000000
X 0.987687, 0.000000, 0.156442
Y -0.000000, 1.000000, 0.000000
Z -0.156442, -0.000000, 0.987687

BONE 44
OFFSET -78.694893, -0.114976, 107.077583
SCALE 1.000000, 1.000000, 1.000000
X 0.987687, 0.000000, 0.156442
Y -0.000000, 1.000000, 0.000000
Z -0.156442, -0.000000, 0.987687

BONE 45
OFFSET -78.694893, 6.873930, 107.077583
SCALE 1.000000, 1.000000, 1.000000
X 0.987687, 0.000000, 0.156442
Y -0.000000, 1.000000, 0.000000
Z -0.156442, -0.000000, 0.987687

BONE 46
OFFSET -78.694893, 13.899094, 107.077583
SCALE 1.000000, 1.000000, 1.000000
X 0.987687, 0.000000, 0.156442
Y -0.000000, 1.000000, 0.000000
Z -0.156442, -0.000000, 0.987687

BONE 47
OFFSET -78.694893, 20.912422, 107.077583
SCALE 1.000000, 1.000000, 1.000000
X 0.987687, 0.000000, 0.156442
Y -0.000000, 1.000000, 0.000000
Z -0.156442, -0.000000, 0.987687

BONE 48
OFFSET -78.694893, 27.903536, 107.077583
SCALE 1.000000, 1.000000, 1.000000
X 0.987687, 0.000000, 0.156442
Y -0.000000, 1.000000, 0.000000
Z -0.156442, -0.000000, 0.987687

BONE 49
OFFSET -79.804192, -28.145092, 114.003197
SCALE 1.000000, 1.000000, 1.000000
X 0.987687, 0.000000, 0.156442
Y -0.000000, 1.000000, 0.000000
Z -0.156442, -0.000000, 0.987687

BONE 50
OFFSET -77.590500, -21.134785, 100.182663
SCALE 1.000000, 1.000000, 1.000000
X 0.987417, 0.000000, 0.158137
Y -0.000000, 1.000000, 0.000000
Z -0.158137, -0.000000, 0.987417

BONE 51
OFFSET -79.804192, -21.134785, 114.003197
SCALE 1.000000, 1.000000, 1.000000
X 0.987417, 0.000000, 0.158137
Y -0.000000, 1.000000, 0.000000
Z -0.158137, -0.000000, 0.987417

BONE 52
OFFSET -79.804192, -14.124477, 114.003197
SCALE 1.000000, 1.000000, 1.000000
X 0.987687, 0.000000, 0.156442
Y -0.000000, 1.000000, 0.000000
Z -0.156442, -0.000000, 0.987687

BONE 53
OFFSET -79.804192, -7.100365, 114.003197
SCALE 1.000000, 1.000000, 1.000000
X 0.987687, 0.000000, 0.156442
Y -0.000000, 1.000000, 0.000000
Z -0.156442, -0.000000, 0.987687

BONE 54
OFFSET -79.804192, -0.114976, 114.003197
SCALE 1.000000, 1.000000, 1.000000
X 0.987687, 0.000000, 0.156442
Y -0.000000, 1.000000, 0.000000
Z -0.156442, -0.000000, 0.987687

BONE 55
OFFSET -79.804192, 6.873930, 114.003197
SCALE 1.000000, 1.000000, 1.000000
X 0.987687, 0.000000, 0.156442
Y -0.000000, 1.000000, 0.000000
Z -0.156442, -0.000000, 0.987687

BONE 56
OFFSET -79.804192, 13.899094, 114.003197
SCALE 1.000000, 1.000000, 1.000000
X 0.987687, 0.000000, 0.156442
Y -0.000000, 1.000000, 0.000000
Z -0.156442, -0.000000, 0.987687

BONE 57
OFFSET -79.804192, 20.912422, 114.003197
SCALE 1.000000, 1.000000, 1.000000
X 0.987687, 0.000000, 0.156442
Y -0.000000, 1.000000, 0.000000
Z -0.156442, -0.000000, 0.987687

BONE 58
OFFSET -77.590500, -14.124477, 100.182663
SCALE 1.000000, 1.000000, 1.000000
X 0.987687, 0.000000, 0.156442
Y -0.000000, 1.000000, 0.000000
Z -0.156442, -0.000000, 0.987687

BONE 59
OFFSET -77.590500, -7.100365, 100.182663
SCALE 1.000000, 1.000000, 1.000000
X 0.987687, 0.000000, 0.156442
Y -0.000000, 1.000000, 0.000000
Z -0.156442, -0.000000, 0.987687

BONE 60
OFFSET -77.590500, -0.114976, 100.182663
SCALE 1.000000, 1.000000, 1.000000
X 0.987687, 0.000000, 0.156442
Y -0.000000, 1.000000, 0.000000
Z -0.156442, -0.000000, 0.987687

BONE 61
OFFSET -77.590500, 6.873930, 100.182663
SCALE 1.000000, 1.000000, 1.000000
X 0.987687, 0.000000, 0.156442
Y -0.000000, 1.000000, 0.000000
Z -0.156442, -0.000000, 0.987687

BONE 62
OFFSET -77.590500, 13.899094, 100.182663
SCALE 1.000000, 1.000000, 1.000000
X 0.987687, 0.000000, 0.156442
Y -0.000000, 1.000000, 0.000000
Z -0.156442, -0.000000, 0.987687

BONE 63
OFFSET -77.590500, 20.912422, 100.182663
SCALE 1.000000, 1.000000, 1.000000
X 0.987687, 0.000000, 0.156442
Y -0.000000, 1.000000, 0.000000
Z -0.156442, -0.000000, 0.987687

BONE 64
OFFSET -77.590500, 27.903536, 100.182663
SCALE 1.000000, 1.000000, 1.000000
X 0.987687, 0.000000, 0.156442
Y -0.000000, 1.000000, 0.000000
Z -0.156442, -0.000000, 0.987687

NUMVERTS 2022
VERT 0
OFFSET -56.478001, -5.295937, 94.942604
BONES 1
BONE 35 1.000000

VERT 1
OFFSET -62.237465, -2.150520, 61.867702
BONES 1
BONE 35 1.000000

VERT 2
OFFSET -56.477993, 5.207839, 94.942604
BONES 1
BONE 35 1.000000

VERT 3
OFFSET -62.237465, -2.150520, 61.867702
BONES 1
BONE 35 1.000000

VERT 4
OFFSET -62.237465, 2.062474, 61.867702
BONES 1
BONE 35 1.000000

VERT 5
OFFSET -56.477993, 5.207839, 94.942604
BONES 1
BONE 35 1.000000

VERT 6
OFFSET -47.509747, 5.207873, 97.205788
BONES 1
BONE 35 1.000000

VERT 7
OFFSET -58.597630, 2.062474, 61.867702
BONES 1
BONE 35 1.000000

VERT 8
OFFSET -47.509743, -5.295969, 97.205788
BONES 1
BONE 35 1.000000

VERT 9
OFFSET -58.597630, 2.062474, 61.867702
BONES 1
BONE 35 1.000000

VERT 10
OFFSET -58.597614, -2.150520, 61.867702
BONES 1
BONE 35 1.000000

VERT 11
OFFSET -47.509743, -5.295969, 97.205788
BONES 1
BONE 35 1.000000

VERT 12
OFFSET -47.509747, 5.207873, 97.205788
BONES 1
BONE 35 1.000000

VERT 13
OFFSET -56.477993, 5.207839, 94.942604
BONES 1
BONE 35 1.000000

VERT 14
OFFSET -58.597630, 2.062474, 61.867702
BONES 1
BONE 35 1.000000

VERT 15
OFFSET -56.477993, 5.207839, 94.942604
BONES 1
BONE 35 1.000000

VERT 16
OFFSET -62.237465, 2.062474, 61.867702
BONES 1
BONE 35 1.000000

VERT 17
OFFSET -58.597630, 2.062474, 61.867702
BONES 1
BONE 35 1.000000

VERT 18
OFFSET -47.509743, -5.295969, 97.205788
BONES 1
BONE 35 1.000000

VERT 19
OFFSET -58.597614, -2.150520, 61.867702
BONES 1
BONE 35 1.000000

VERT 20
OFFSET -56.478001, -5.295937, 94.942604
BONES 1
BONE 35 1.000000

VERT 21
OFFSET -58.597614, -2.150520, 61.867702
BONES 1
BONE 35 1.000000

VERT 22
OFFSET -62.237465, -2.150520, 61.867702
BONES 1
BONE 35 1.000000

VERT 23
OFFSET -56.478001, -5.295937, 94.942604
BONES 1
BONE 35 1.000000

VERT 24
OFFSET -128.751785, 26.783459, 66.485863
BONES 1
BONE 35 1.000000

VERT 25
OFFSET -128.751785, 26.783459, 75.048424
BONES 1
BONE 35 1.000000

VERT 26
OFFSET -128.751846, -28.501589, 66.485863
BONES 1
BONE 35 1.000000

VERT 27
OFFSET -128.751846, -28.501589, 75.048424
BONES 1
BONE 35 1.000000

VERT 28
OFFSET -128.751785, 26.783459, 75.048424
BONES 1
BONE 35 1.000000

VERT 29
OFFSET -63.466782, 26.783325, 81.907974
BONES 1
BONE 35 1.000000

VERT 30
OFFSET -128.751846, -28.501589, 75.048424
BONES 1
BONE 35 1.000000

VERT 31
OFFSET -63.466824, -28.501720, 81.907974
BONES 1
BONE 35 1.000000

VERT 32
OFFSET -63.466824, -28.501720, 81.907974
BONES 1
BONE 35 1.000000

VERT 33
OFFSET -63.466824, -28.501720, 66.412384
BONES 1
BONE 35 1.000000

VERT 34
OFFSET -128.751846, -28.501589, 75.048424
BONES 1
BONE 35 1.000000

VERT 35
OFFSET -128.751846, -28.501589, 66.485863
BONES 1
BONE 35 1.000000

VERT 36
OFFSET -63.466824, -28.501720, 66.412384
BONES 1
BONE 35 1.000000

VERT 37
OFFSET -63.466824, -28.501720, 81.907974
BONES 1
BONE 35 1.000000

VERT 38
OFFSET -63.466782, 26.783325, 66.412384
BONES 1
BONE 35 1.000000

VERT 39
OFFSET -63.466782, 26.783325, 81.907974
BONES 1
BONE 35 1.000000

VERT 40
OFFSET -128.751785, 26.783459, 66.485863
BONES 1
BONE 35 1.000000

VERT 41
OFFSET -63.466782, 26.783325, 66.412384
BONES 1
BONE 35 1.000000

VERT 42
OFFSET -128.751785, 26.783459, 75.048424
BONES 1
BONE 35 1.000000

VERT 43
OFFSET -63.466782, 26.783325, 81.907974
BONES 1
BONE 35 1.000000

VERT 44
OFFSET -166.435730, 29.704069, 57.817192
BONES 1
BONE 37 1.000000

VERT 45
OFFSET -165.429489, 27.710388, 69.555450
BONES 1
BONE 37 1.000000

VERT 46
OFFSET -167.342010, 30.633068, 57.754932
BONES 1
BONE 37 1.000000

VERT 47
OFFSET -166.085159, 28.522377, 70.183006
BONES 1
BONE 37 1.000000

VERT 48
OFFSET -168.260971, 29.760612, 57.475796
BONES 1
BONE 37 1.000000

VERT 49
OFFSET -166.753510, 27.532928, 70.593719
BONES 1
BONE 37 1.000000

VERT 50
OFFSET -160.111221, 27.942453, 73.623924
BONES 1
BONE 37 1.000000

VERT 51
OFFSET -160.221588, 26.881105, 74.460503
BONES 1
BONE 37 1.000000

VERT 52
OFFSET -147.634018, 27.516949, 75.935356
BONES 1
BONE 37 1.000000

VERT 53
OFFSET -147.545456, 28.428164, 74.915649
BONES 1
BONE 37 1.000000

VERT 54
OFFSET -147.517487, 27.509933, 74.023170
BONES 1
BONE 37 1.000000

VERT 55
OFFSET -160.013580, 27.202391, 72.570488
BONES 1
BONE 37 1.000000

VERT 56
OFFSET -166.085159, 28.522377, 70.183006
BONES 1
BONE 37 1.000000

VERT 57
OFFSET -167.342010, 30.633068, 57.754932
BONES 1
BONE 37 1.000000

VERT 58
OFFSET -138.721542, -31.311594, 67.104294
BONES 1
BONE 37 1.000000

VERT 59
OFFSET -48.044083, -31.311527, 96.273087
BONES 1
BONE 37 1.000000

VERT 60
OFFSET -138.721573, 30.442503, 67.104294
BONES 1
BONE 37 1.000000

VERT 61
OFFSET -48.044083, -31.311527, 96.273087
BONES 1
BONE 37 1.000000

VERT 62
OFFSET -48.044083, 30.442503, 96.273087
BONES 1
BONE 37 1.000000

VERT 63
OFFSET -138.721573, 30.442503, 67.104294
BONES 1
BONE 37 1.000000

VERT 64
OFFSET -169.020523, 28.082867, 57.394325
BONES 1
BONE 37 1.000000

VERT 65
OFFSET -168.548553, 28.778906, 53.300129
BONES 1
BONE 37 1.000000

VERT 66
OFFSET -168.986374, 31.001711, 57.748299
BONES 1
BONE 37 1.000000

VERT 67
OFFSET -165.444229, 28.668528, 53.879074
BONES 1
BONE 37 1.000000

VERT 68
OFFSET -165.916306, 27.972479, 57.973240
BONES 1
BONE 37 1.000000

VERT 69
OFFSET -165.882004, 30.891336, 58.327251
BONES 1
BONE 37 1.000000

VERT 70
OFFSET -147.517487, 27.509933, 74.023170
BONES 1
BONE 37 1.000000

VERT 71
OFFSET -160.013580, 27.202391, 72.570488
BONES 1
BONE 37 1.000000

VERT 72
OFFSET -147.555984, 26.864128, 74.348213
BONES 1
BONE 37 1.000000

VERT 73
OFFSET -160.048538, 26.518423, 72.770607
BONES 1
BONE 37 1.000000

VERT 74
OFFSET -160.221588, 26.881105, 74.460503
BONES 1
BONE 37 1.000000

VERT 75
OFFSET -165.627853, 27.047520, 69.630806
BONES 1
BONE 37 1.000000

VERT 76
OFFSET -147.634018, 27.516949, 75.935356
BONES 1
BONE 37 1.000000

VERT 77
OFFSET -165.429489, 27.710388, 69.555450
BONES 1
BONE 37 1.000000

VERT 78
OFFSET -166.753510, 27.532928, 70.593719
BONES 1
BONE 37 1.000000

VERT 79
OFFSET -166.707443, 29.075470, 57.690536
BONES 1
BONE 37 1.000000

VERT 80
OFFSET -166.435730, 29.704069, 57.817192
BONES 1
BONE 37 1.000000

VERT 81
OFFSET -165.627853, 27.047520, 69.630806
BONES 1
BONE 37 1.000000

VERT 82
OFFSET -168.260971, 29.760612, 57.475796
BONES 1
BONE 37 1.000000

VERT 83
OFFSET -160.048538, 26.518423, 72.770607
BONES 1
BONE 37 1.000000

VERT 84
OFFSET -166.707443, 29.075470, 57.690536
BONES 1
BONE 37 1.000000

VERT 85
OFFSET -162.353546, 28.269651, 73.100006
BONES 1
BONE 37 1.000000

VERT 86
OFFSET -162.213074, 28.476841, 71.881310
BONES 1
BONE 37 1.000000

VERT 87
OFFSET -147.226669, 28.655615, 74.792526
BONES 1
BONE 37 1.000000

VERT 88
OFFSET -146.275787, 28.612698, 68.987511
BONES 1
BONE 37 1.000000

VERT 89
OFFSET -146.350739, 26.352709, 69.144646
BONES 1
BONE 37 1.000000

VERT 90
OFFSET -162.228729, 26.251520, 71.613411
BONES 1
BONE 37 1.000000

VERT 91
OFFSET -147.301605, 26.395611, 74.949661
BONES 1
BONE 37 1.000000

VERT 92
OFFSET -162.369217, 26.044319, 72.832108
BONES 1
BONE 37 1.000000

VERT 93
OFFSET -47.981926, 30.723999, 101.839371
BONES 1
BONE 37 1.000000

VERT 94
OFFSET -47.981915, -31.593023, 101.839371
BONES 1
BONE 37 1.000000

VERT 95
OFFSET -142.423538, 30.988594, 86.410500
BONES 1
BONE 37 1.000000

VERT 96
OFFSET -142.423538, -31.857685, 86.410500
BONES 1
BONE 37 1.000000

VERT 97
OFFSET -138.721542, -31.311594, 67.104294
BONES 1
BONE 37 1.000000

VERT 98
OFFSET -142.423538, -31.857685, 86.410500
BONES 1
BONE 37 1.000000

VERT 99
OFFSET -48.044083, -31.311527, 96.273087
BONES 1
BONE 37 1.000000

VERT 100
OFFSET -47.981915, -31.593023, 101.839371
BONES 1
BONE 37 1.000000

VERT 101
OFFSET -47.981915, -31.593023, 101.839371
BONES 1
BONE 37 1.000000

VERT 102
OFFSET -47.981926, 30.723999, 101.839371
BONES 1
BONE 37 1.000000

VERT 103
OFFSET -48.044083, -31.311527, 96.273087
BONES 1
BONE 37 1.000000

VERT 104
OFFSET -48.044083, 30.442503, 96.273087
BONES 1
BONE 37 1.000000

VERT 105
OFFSET -47.981926, 30.723999, 101.839371
BONES 1
BONE 37 1.000000

VERT 106
OFFSET -142.423538, 30.988594, 86.410500
BONES 1
BONE 37 1.000000

VERT 107
OFFSET -48.044083, 30.442503, 96.273087
BONES 1
BONE 37 1.000000

VERT 108
OFFSET -138.721573, 30.442503, 67.104294
BONES 1
BONE 37 1.000000

VERT 109
OFFSET -142.423538, -31.857685, 86.410500
BONES 1
BONE 37 1.000000

VERT 110
OFFSET -138.721542, -31.311594, 67.104294
BONES 1
BONE 37 1.000000

VERT 111
OFFSET -142.423538, 30.988594, 86.410500
BONES 1
BONE 37 1.000000

VERT 112
OFFSET -138.721573, 30.442503, 67.104294
BONES 1
BONE 37 1.000000

VERT 113
OFFSET -13.718922, -30.881538, 135.400436
BONES 1
BONE 37 1.000000

VERT 114
OFFSET -9.707170, -30.998461, 108.110229
BONES 1
BONE 37 1.000000

VERT 115
OFFSET -147.994904, -30.932325, 113.966408
BONES 1
BONE 37 1.000000

VERT 116
OFFSET -143.983276, -31.049244, 86.390877
BONES 1
BONE 37 1.000000

VERT 117
OFFSET -143.970718, 31.323273, 86.251259
BONES 1
BONE 37 1.000000

VERT 118
OFFSET -9.694663, 31.374044, 107.970589
BONES 1
BONE 37 1.000000

VERT 119
OFFSET -147.982346, 31.440187, 113.826782
BONES 1
BONE 37 1.000000

VERT 120
OFFSET -13.706421, 31.490965, 135.260803
BONES 1
BONE 37 1.000000

VERT 121
OFFSET -147.982346, 31.440187, 113.826782
BONES 1
BONE 37 1.000000

VERT 122
OFFSET -147.994904, -30.932325, 113.966408
BONES 1
BONE 37 1.000000

VERT 123
OFFSET -143.970718, 31.323273, 86.251259
BONES 1
BONE 37 1.000000

VERT 124
OFFSET -143.983276, -31.049244, 86.390877
BONES 1
BONE 37 1.000000

VERT 125
OFFSET -9.707170, -30.998461, 108.110229
BONES 1
BONE 37 1.000000

VERT 126
OFFSET -13.718922, -30.881538, 135.400436
BONES 1
BONE 37 1.000000

VERT 127
OFFSET -9.694663, 31.374044, 107.970589
BONES 1
BONE 37 1.000000

VERT 128
OFFSET -13.706421, 31.490965, 135.260803
BONES 1
BONE 37 1.000000

VERT 129
OFFSET -13.706421, 31.490965, 135.260803
BONES 1
BONE 37 1.000000

VERT 130
OFFSET -13.718922, -30.881538, 135.400436
BONES 1
BONE 37 1.000000

VERT 131
OFFSET -147.982346, 31.440187, 113.826782
BONES 1
BONE 37 1.000000

VERT 132
OFFSET -147.994904, -30.932325, 113.966408
BONES 1
BONE 37 1.000000

VERT 133
OFFSET -134.398224, 32.476967, 68.442291
BONES 1
BONE 37 1.000000

VERT 134
OFFSET -134.398209, 27.122034, 68.442291
BONES 1
BONE 37 1.000000

VERT 135
OFFSET -129.884201, 27.122034, 72.956352
BONES 1
BONE 37 1.000000

VERT 136
OFFSET -129.884201, 32.476967, 72.956352
BONES 1
BONE 37 1.000000

VERT 137
OFFSET -134.398209, 27.122034, 77.470360
BONES 1
BONE 37 1.000000

VERT 138
OFFSET -134.398224, 32.476967, 77.470360
BONES 1
BONE 37 1.000000

VERT 139
OFFSET -138.912262, 32.476963, 72.956352
BONES 1
BONE 37 1.000000

VERT 140
OFFSET -138.912216, 27.122034, 72.956352
BONES 1
BONE 37 1.000000

VERT 141
OFFSET -138.912262, 32.476963, 72.956352
BONES 1
BONE 37 1.000000

VERT 142
OFFSET -134.398209, 27.122034, 68.442291
BONES 1
BONE 37 1.000000

VERT 143
OFFSET -134.398224, 32.476967, 68.442291
BONES 1
BONE 37 1.000000

VERT 144
OFFSET -134.398224, 32.476967, 77.470360
BONES 1
BONE 37 1.000000

VERT 145
OFFSET -138.912262, 32.476963, 72.956352
BONES 1
BONE 37 1.000000

VERT 146
OFFSET -129.884201, 32.476967, 72.956352
BONES 1
BONE 37 1.000000

VERT 147
OFFSET -134.398224, 32.476967, 68.442291
BONES 1
BONE 37 1.000000

VERT 148
OFFSET -131.043839, -30.650702, 72.992889
BONES 1
BONE 37 1.000000

VERT 149
OFFSET -131.043839, 47.957745, 72.992889
BONES 1
BONE 37 1.000000

VERT 150
OFFSET -133.812241, 47.957745, 69.693703
BONES 1
BONE 37 1.000000

VERT 151
OFFSET -133.812195, -30.650702, 69.693703
BONES 1
BONE 37 1.000000

VERT 152
OFFSET -137.542023, -30.650702, 74.138733
BONES 1
BONE 37 1.000000

VERT 153
OFFSET -137.542023, 47.957745, 74.138733
BONES 1
BONE 37 1.000000

VERT 154
OFFSET -133.812195, -30.650702, 76.292122
BONES 1
BONE 37 1.000000

VERT 155
OFFSET -137.542023, -30.650702, 74.138733
BONES 1
BONE 37 1.000000

VERT 156
OFFSET -137.542023, 47.957745, 74.138733
BONES 1
BONE 37 1.000000

VERT 157
OFFSET -133.812241, 47.957745, 76.292122
BONES 1
BONE 37 1.000000

VERT 158
OFFSET -131.043839, -30.650702, 72.992889
BONES 1
BONE 37 1.000000

VERT 159
OFFSET -131.043839, 47.957745, 72.992889
BONES 1
BONE 37 1.000000

VERT 160
OFFSET -156.316086, 48.950527, 71.338417
BONES 1
BONE 37 1.000000

VERT 161
OFFSET -154.602997, 48.950527, 64.284836
BONES 1
BONE 37 1.000000

VERT 162
OFFSET -133.065491, 48.950527, 76.929741
BONES 1
BONE 37 1.000000

VERT 163
OFFSET -131.365189, 48.950527, 69.929123
BONES 1
BONE 37 1.000000

VERT 164
OFFSET -156.316086, 44.045174, 71.338417
BONES 1
BONE 37 1.000000

VERT 165
OFFSET -133.065491, 44.045170, 76.929741
BONES 1
BONE 37 1.000000

VERT 166
OFFSET -154.602997, 44.045170, 64.284836
BONES 1
BONE 37 1.000000

VERT 167
OFFSET -131.365189, 44.045170, 69.929123
BONES 1
BONE 37 1.000000

VERT 168
OFFSET -131.365189, 48.950527, 69.929123
BONES 1
BONE 37 1.000000

VERT 169
OFFSET -131.365189, 44.045170, 69.929123
BONES 1
BONE 37 1.000000

VERT 170
OFFSET -133.065491, 48.950527, 76.929741
BONES 1
BONE 37 1.000000

VERT 171
OFFSET -133.065491, 44.045170, 76.929741
BONES 1
BONE 37 1.000000

VERT 172
OFFSET -131.365189, 44.045170, 69.929123
BONES 1
BONE 37 1.000000

VERT 173
OFFSET -154.602997, 48.950527, 64.284836
BONES 1
BONE 37 1.000000

VERT 174
OFFSET -154.602997, 44.045170, 64.284836
BONES 1
BONE 37 1.000000

VERT 175
OFFSET -156.316086, 44.045174, 71.338417
BONES 1
BONE 37 1.000000

VERT 176
OFFSET -133.065491, 44.045170, 76.929741
BONES 1
BONE 37 1.000000

VERT 177
OFFSET -156.316086, 48.950527, 71.338417
BONES 1
BONE 37 1.000000

VERT 178
OFFSET -154.602997, 48.950527, 64.284836
BONES 1
BONE 37 1.000000

VERT 179
OFFSET -133.721786, -32.622025, 77.424545
BONES 1
BONE 37 1.000000

VERT 180
OFFSET -129.931519, -32.622025, 72.907425
BONES 1
BONE 37 1.000000

VERT 181
OFFSET -139.265106, -32.622025, 73.960472
BONES 1
BONE 37 1.000000

VERT 182
OFFSET -134.158447, -32.622025, 67.874641
BONES 1
BONE 37 1.000000

VERT 183
OFFSET -134.140854, -28.760624, 67.753677
BONES 1
BONE 37 1.000000

VERT 184
OFFSET -134.158447, -32.622025, 67.874641
BONES 1
BONE 37 1.000000

VERT 185
OFFSET -129.812408, -28.760624, 72.907425
BONES 1
BONE 37 1.000000

VERT 186
OFFSET -129.931519, -32.622025, 72.907425
BONES 1
BONE 37 1.000000

VERT 187
OFFSET -134.158447, -32.622025, 67.874641
BONES 1
BONE 37 1.000000

VERT 188
OFFSET -134.140854, -28.760624, 67.753677
BONES 1
BONE 37 1.000000

VERT 189
OFFSET -139.265106, -32.622025, 73.960472
BONES 1
BONE 37 1.000000

VERT 190
OFFSET -139.384201, -28.760624, 74.002487
BONES 1
BONE 37 1.000000

VERT 191
OFFSET -139.265106, -32.622025, 73.960472
BONES 1
BONE 37 1.000000

VERT 192
OFFSET -139.384201, -28.760624, 74.002487
BONES 1
BONE 37 1.000000

VERT 193
OFFSET -133.721786, -32.622025, 77.424545
BONES 1
BONE 37 1.000000

VERT 194
OFFSET -133.704193, -28.760624, 77.545509
BONES 1
BONE 37 1.000000

VERT 195
OFFSET -129.931519, -32.622025, 72.907425
BONES 1
BONE 37 1.000000

VERT 196
OFFSET -133.721786, -32.622025, 77.424545
BONES 1
BONE 37 1.000000

VERT 197
OFFSET -129.812408, -28.760624, 72.907425
BONES 1
BONE 37 1.000000

VERT 198
OFFSET -133.704193, -28.760624, 77.545509
BONES 1
BONE 37 1.000000

VERT 199
OFFSET -174.766571, 23.558990, 45.960938
BONES 1
BONE 37 1.000000

VERT 200
OFFSET -171.649643, 23.558367, 45.895573
BONES 1
BONE 37 1.000000

VERT 201
OFFSET -174.700058, 29.236128, 46.649445
BONES 1
BONE 37 1.000000

VERT 202
OFFSET -171.583008, 29.235527, 46.584103
BONES 1
BONE 37 1.000000

VERT 203
OFFSET -171.401047, 23.001047, 49.160000
BONES 1
BONE 37 1.000000

VERT 204
OFFSET -171.334534, 28.678179, 49.848507
BONES 1
BONE 37 1.000000

VERT 205
OFFSET -171.649643, 23.558367, 45.895573
BONES 1
BONE 37 1.000000

VERT 206
OFFSET -171.583008, 29.235527, 46.584103
BONES 1
BONE 37 1.000000

VERT 207
OFFSET -174.451462, 28.678774, 49.913921
BONES 1
BONE 37 1.000000

VERT 208
OFFSET -171.334534, 28.678179, 49.848507
BONES 1
BONE 37 1.000000

VERT 209
OFFSET -171.401047, 23.001047, 49.160000
BONES 1
BONE 37 1.000000

VERT 210
OFFSET -174.518112, 23.001640, 49.225384
BONES 1
BONE 37 1.000000

VERT 211
OFFSET -174.766571, 23.558990, 45.960938
BONES 1
BONE 37 1.000000

VERT 212
OFFSET -174.700058, 29.236128, 46.649445
BONES 1
BONE 37 1.000000

VERT 213
OFFSET -174.766571, 23.558990, 45.960938
BONES 1
BONE 37 1.000000

VERT 214
OFFSET -174.518112, 23.001640, 49.225384
BONES 1
BONE 37 1.000000

VERT 215
OFFSET -171.649643, 23.558367, 45.895573
BONES 1
BONE 37 1.000000

VERT 216
OFFSET -171.401047, 23.001047, 49.160000
BONES 1
BONE 37 1.000000

VERT 217
OFFSET -174.700058, 29.236128, 46.649445
BONES 1
BONE 37 1.000000

VERT 218
OFFSET -171.583008, 29.235527, 46.584103
BONES 1
BONE 37 1.000000

VERT 219
OFFSET -174.451462, 28.678774, 49.913921
BONES 1
BONE 37 1.000000

VERT 220
OFFSET -171.334534, 28.678179, 49.848507
BONES 1
BONE 37 1.000000

VERT 221
OFFSET -167.977188, 28.541340, 55.197319
BONES 1
BONE 37 1.000000

VERT 222
OFFSET -174.502197, 29.535402, 49.509277
BONES 1
BONE 37 1.000000

VERT 223
OFFSET -167.054535, 28.587774, 54.904408
BONES 1
BONE 37 1.000000

VERT 224
OFFSET -174.639023, 30.015003, 46.698605
BONES 1
BONE 37 1.000000

VERT 225
OFFSET -171.941544, 30.007034, 46.685593
BONES 1
BONE 37 1.000000

VERT 226
OFFSET -166.907578, 28.738358, 54.017776
BONES 1
BONE 37 1.000000

VERT 227
OFFSET -167.981720, 28.159828, 55.151031
BONES 1
BONE 37 1.000000

VERT 228
OFFSET -167.058960, 28.206285, 54.858150
BONES 1
BONE 37 1.000000

VERT 229
OFFSET -174.506622, 29.153883, 49.463020
BONES 1
BONE 37 1.000000

VERT 230
OFFSET -174.643570, 29.633446, 46.652317
BONES 1
BONE 37 1.000000

VERT 231
OFFSET -171.946091, 29.625492, 46.639305
BONES 1
BONE 37 1.000000

VERT 232
OFFSET -166.912003, 28.356852, 53.971516
BONES 1
BONE 37 1.000000

VERT 233
OFFSET -167.981720, 28.159828, 55.151031
BONES 1
BONE 37 1.000000

VERT 234
OFFSET -174.506622, 29.153883, 49.463020
BONES 1
BONE 37 1.000000

VERT 235
OFFSET -167.977188, 28.541340, 55.197319
BONES 1
BONE 37 1.000000

VERT 236
OFFSET -174.502197, 29.535402, 49.509277
BONES 1
BONE 37 1.000000

VERT 237
OFFSET -167.981720, 28.159828, 55.151031
BONES 1
BONE 37 1.000000

VERT 238
OFFSET -167.977188, 28.541340, 55.197319
BONES 1
BONE 37 1.000000

VERT 239
OFFSET -167.058960, 28.206285, 54.858150
BONES 1
BONE 37 1.000000

VERT 240
OFFSET -167.054535, 28.587774, 54.904408
BONES 1
BONE 37 1.000000

VERT 241
OFFSET -166.912003, 28.356852, 53.971516
BONES 1
BONE 37 1.000000

VERT 242
OFFSET -166.907578, 28.738358, 54.017776
BONES 1
BONE 37 1.000000

VERT 243
OFFSET -174.639023, 30.015003, 46.698605
BONES 1
BONE 37 1.000000

VERT 244
OFFSET -174.502197, 29.535402, 49.509277
BONES 1
BONE 37 1.000000

VERT 245
OFFSET -174.643570, 29.633446, 46.652317
BONES 1
BONE 37 1.000000

VERT 246
OFFSET -174.506622, 29.153883, 49.463020
BONES 1
BONE 37 1.000000

VERT 247
OFFSET -174.639023, 30.015003, 46.698605
BONES 1
BONE 37 1.000000

VERT 248
OFFSET -174.643570, 29.633446, 46.652317
BONES 1
BONE 37 1.000000

VERT 249
OFFSET -171.946091, 29.625492, 46.639305
BONES 1
BONE 37 1.000000

VERT 250
OFFSET -171.941544, 30.007034, 46.685593
BONES 1
BONE 37 1.000000

VERT 251
OFFSET -166.907578, 28.738358, 54.017776
BONES 1
BONE 37 1.000000

VERT 252
OFFSET -166.912003, 28.356852, 53.971516
BONES 1
BONE 37 1.000000

VERT 253
OFFSET -165.916306, 27.972479, 57.973240
BONES 1
BONE 37 1.000000

VERT 254
OFFSET -169.020523, 28.082867, 57.394325
BONES 1
BONE 37 1.000000

VERT 255
OFFSET -165.882004, 30.891336, 58.327251
BONES 1
BONE 37 1.000000

VERT 256
OFFSET -168.986374, 31.001711, 57.748299
BONES 1
BONE 37 1.000000

VERT 257
OFFSET -168.548553, 28.778906, 53.300129
BONES 1
BONE 37 1.000000

VERT 258
OFFSET -169.020523, 28.082867, 57.394325
BONES 1
BONE 37 1.000000

VERT 259
OFFSET -165.444229, 28.668528, 53.879074
BONES 1
BONE 37 1.000000

VERT 260
OFFSET -165.916306, 27.972479, 57.973240
BONES 1
BONE 37 1.000000

VERT 261
OFFSET -168.548553, 28.778906, 53.300129
BONES 1
BONE 37 1.000000

VERT 262
OFFSET -165.444229, 28.668528, 53.879074
BONES 1
BONE 37 1.000000

VERT 263
OFFSET -168.986374, 31.001711, 57.748299
BONES 1
BONE 37 1.000000

VERT 264
OFFSET -165.882004, 30.891336, 58.327251
BONES 1
BONE 37 1.000000

VERT 265
OFFSET -145.386734, 53.236107, 39.745232
BONES 1
BONE 9 1.000000

VERT 266
OFFSET -145.049622, 53.236107, 39.208488
BONES 1
BONE 9 1.000000

VERT 267
OFFSET -119.338593, 53.236095, 60.149239
BONES 1
BONE 9 1.000000

VERT 268
OFFSET -145.049637, -53.158875, 39.208488
BONES 1
BONE 9 1.000000

VERT 269
OFFSET -145.386749, -53.158875, 39.745232
BONES 1
BONE 9 1.000000

VERT 270
OFFSET -119.338570, -53.158882, 60.149239
BONES 1
BONE 9 1.000000

VERT 271
OFFSET -1.114868, 11.149260, 68.975731
BONES 1
BONE 9 1.000000

VERT 272
OFFSET -0.979128, 11.149260, 83.589104
BONES 1
BONE 9 1.000000

VERT 273
OFFSET -1.457749, 11.743116, 68.975731
BONES 1
BONE 9 1.000000

VERT 274
OFFSET -1.256697, 11.780181, 83.782852
BONES 1
BONE 9 1.000000

VERT 275
OFFSET 10.485663, 11.149256, 83.589104
BONES 1
BONE 9 1.000000

VERT 276
OFFSET -1.457749, 11.743116, 68.975731
BONES 1
BONE 9 1.000000

VERT 277
OFFSET 10.763248, 11.780183, 83.782852
BONES 1
BONE 9 1.000000

VERT 278
OFFSET 10.964307, 11.743119, 68.975731
BONES 1
BONE 9 1.000000

VERT 279
OFFSET 10.621391, 11.149256, 68.975731
BONES 1
BONE 9 1.000000

VERT 280
OFFSET 10.964307, 11.743119, 68.975731
BONES 1
BONE 9 1.000000

VERT 281
OFFSET -1.256697, 11.780181, 83.782852
BONES 1
BONE 9 1.000000

VERT 282
OFFSET -2.486371, 11.149261, 68.975731
BONES 1
BONE 9 1.000000

VERT 283
OFFSET -2.089391, 11.149261, 84.364082
BONES 1
BONE 9 1.000000

VERT 284
OFFSET 11.595958, 11.149256, 84.364082
BONES 1
BONE 9 1.000000

VERT 285
OFFSET 10.763248, 11.780183, 83.782852
BONES 1
BONE 9 1.000000

VERT 286
OFFSET 11.992926, 11.149256, 68.975731
BONES 1
BONE 9 1.000000

VERT 287
OFFSET 11.595958, 11.149256, 84.364082
BONES 1
BONE 9 1.000000

VERT 288
OFFSET -1.256697, 11.780181, 83.782852
BONES 1
BONE 9 1.000000

VERT 289
OFFSET -2.089391, 11.149261, 84.364082
BONES 1
BONE 9 1.000000

VERT 290
OFFSET 10.763248, 10.518300, 83.782852
BONES 1
BONE 9 1.000000

VERT 291
OFFSET 11.992926, 11.149256, 68.975731
BONES 1
BONE 9 1.000000

VERT 292
OFFSET 10.964307, 10.555364, 68.975731
BONES 1
BONE 9 1.000000

VERT 293
OFFSET 10.485663, 11.149256, 83.589104
BONES 1
BONE 9 1.000000

VERT 294
OFFSET 10.763248, 10.518300, 83.782852
BONES 1
BONE 9 1.000000

VERT 295
OFFSET -0.979128, 11.149260, 83.589104
BONES 1
BONE 9 1.000000

VERT 296
OFFSET -1.256697, 10.518296, 83.782852
BONES 1
BONE 9 1.000000

VERT 297
OFFSET -1.457749, 10.555361, 68.975731
BONES 1
BONE 9 1.000000

VERT 298
OFFSET -1.114868, 11.149260, 68.975731
BONES 1
BONE 9 1.000000

VERT 299
OFFSET 10.621391, 11.149256, 68.975731
BONES 1
BONE 9 1.000000

VERT 300
OFFSET -2.486371, 11.149261, 68.975731
BONES 1
BONE 9 1.000000

VERT 301
OFFSET -1.256697, 10.518296, 83.782852
BONES 1
BONE 9 1.000000

VERT 302
OFFSET -1.457749, 10.555361, 68.975731
BONES 1
BONE 9 1.000000

VERT 303
OFFSET 10.763248, 10.518300, 83.782852
BONES 1
BONE 9 1.000000

VERT 304
OFFSET -1.114868, -11.425191, 68.975731
BONES 1
BONE 9 1.000000

VERT 305
OFFSET -0.979128, -11.425190, 83.589104
BONES 1
BONE 9 1.000000

VERT 306
OFFSET -1.457749, -10.831333, 68.975731
BONES 1
BONE 9 1.000000

VERT 307
OFFSET -1.256697, -10.794271, 83.782852
BONES 1
BONE 9 1.000000

VERT 308
OFFSET 10.485662, -11.425186, 83.589104
BONES 1
BONE 9 1.000000

VERT 309
OFFSET -1.457749, -10.831333, 68.975731
BONES 1
BONE 9 1.000000

VERT 310
OFFSET 10.763248, -10.794268, 83.782852
BONES 1
BONE 9 1.000000

VERT 311
OFFSET 10.964307, -10.831338, 68.975731
BONES 1
BONE 9 1.000000

VERT 312
OFFSET 10.621391, -11.425186, 68.975731
BONES 1
BONE 9 1.000000

VERT 313
OFFSET 10.964307, -10.831338, 68.975731
BONES 1
BONE 9 1.000000

VERT 314
OFFSET -1.256697, -10.794271, 83.782852
BONES 1
BONE 9 1.000000

VERT 315
OFFSET -2.486370, -11.425190, 68.975731
BONES 1
BONE 9 1.000000

VERT 316
OFFSET -2.089391, -11.425190, 84.364082
BONES 1
BONE 9 1.000000

VERT 317
OFFSET 11.595956, -11.425186, 84.364082
BONES 1
BONE 9 1.000000

VERT 318
OFFSET 10.763248, -10.794268, 83.782852
BONES 1
BONE 9 1.000000

VERT 319
OFFSET 11.992924, -11.425186, 68.975731
BONES 1
BONE 9 1.000000

VERT 320
OFFSET 11.595956, -11.425186, 84.364082
BONES 1
BONE 9 1.000000

VERT 321
OFFSET -1.256697, -10.794271, 83.782852
BONES 1
BONE 9 1.000000

VERT 322
OFFSET -2.089391, -11.425190, 84.364082
BONES 1
BONE 9 1.000000

VERT 323
OFFSET 10.763248, -12.056153, 83.782852
BONES 1
BONE 9 1.000000

VERT 324
OFFSET 11.992924, -11.425186, 68.975731
BONES 1
BONE 9 1.000000

VERT 325
OFFSET 10.964307, -12.019095, 68.975731
BONES 1
BONE 9 1.000000

VERT 326
OFFSET 10.485662, -11.425186, 83.589104
BONES 1
BONE 9 1.000000

VERT 327
OFFSET 10.763248, -12.056153, 83.782852
BONES 1
BONE 9 1.000000

VERT 328
OFFSET -0.979128, -11.425190, 83.589104
BONES 1
BONE 9 1.000000

VERT 329
OFFSET -1.256697, -12.056154, 83.782852
BONES 1
BONE 9 1.000000

VERT 330
OFFSET -1.457749, -12.019090, 68.975731
BONES 1
BONE 9 1.000000

VERT 331
OFFSET -1.114868, -11.425191, 68.975731
BONES 1
BONE 9 1.000000

VERT 332
OFFSET 10.621391, -11.425186, 68.975731
BONES 1
BONE 9 1.000000

VERT 333
OFFSET -2.486370, -11.425190, 68.975731
BONES 1
BONE 9 1.000000

VERT 334
OFFSET -1.256697, -12.056154, 83.782852
BONES 1
BONE 9 1.000000

VERT 335
OFFSET -1.457749, -12.019090, 68.975731
BONES 1
BONE 9 1.000000

VERT 336
OFFSET 10.763248, -12.056153, 83.782852
BONES 1
BONE 9 1.000000

VERT 337
OFFSET 14.641030, 32.066414, 69.127686
BONES 1
BONE 9 1.000000

VERT 338
OFFSET 14.641030, -33.164249, 69.127686
BONES 1
BONE 9 1.000000

VERT 339
OFFSET -32.357357, 32.066410, 69.188843
BONES 1
BONE 9 1.000000

VERT 340
OFFSET -32.357357, -33.164219, 69.188843
BONES 1
BONE 9 1.000000

VERT 341
OFFSET 14.641030, -33.164249, 48.240570
BONES 1
BONE 9 1.000000

VERT 342
OFFSET -32.357357, -33.164219, 48.240570
BONES 1
BONE 9 1.000000

VERT 343
OFFSET 14.641030, -33.164249, 69.127686
BONES 1
BONE 9 1.000000

VERT 344
OFFSET -32.357357, -33.164219, 69.188843
BONES 1
BONE 9 1.000000

VERT 345
OFFSET -32.357357, -33.164219, 69.188843
BONES 1
BONE 9 1.000000

VERT 346
OFFSET -32.357357, -33.164219, 48.240570
BONES 1
BONE 9 1.000000

VERT 347
OFFSET -32.357357, 32.066410, 69.188843
BONES 1
BONE 9 1.000000

VERT 348
OFFSET -32.357357, 32.066410, 48.240570
BONES 1
BONE 9 1.000000

VERT 349
OFFSET -32.357357, 32.066410, 69.188843
BONES 1
BONE 9 1.000000

VERT 350
OFFSET -32.357357, 32.066410, 48.240570
BONES 1
BONE 9 1.000000

VERT 351
OFFSET 14.641030, 32.066414, 69.127686
BONES 1
