// Generated by Wraith - Game extraction tools
// Please credit DTZxPorter for using it!
MODEL
VERSION 6

NUMBONES 65
BONE 0 -1 "tag_origin"
BONE 1 0 "origin_animate_jnt"
BONE 2 1 "tag_body"
BONE 3 1 "tag_wheel_back_left"
BONE 4 1 "tag_wheel_back_right"
BONE 5 1 "tag_wheel_front_left"
BONE 6 1 "tag_wheel_front_right"
BONE 7 1 "tag_wheel_middle_left"
BONE 8 1 "tag_wheel_middle_right"
BONE 9 2 "body_animate_jnt"
BONE 10 5 "left_wheel_01_jnt"
BONE 11 7 "left_wheel_02_jnt"
BONE 12 3 "left_wheel_03_jnt"
BONE 13 6 "right_wheel_01_jnt"
BONE 14 8 "right_wheel_02_jnt"
BONE 15 4 "right_wheel_03_jnt"
BONE 16 9 "left_door"
BONE 17 9 "right_door"
BONE 18 9 "tag_c4"
BONE 19 9 "tag_deathfx"
BONE 20 9 "tag_driver"
BONE 21 9 "tag_engine_left"
BONE 22 9 "tag_engine_right"
BONE 23 9 "tag_fx_cab"
BONE 24 9 "tag_fx_tank"
BONE 25 9 "tag_fx_tire_right_r"
BONE 26 9 "tag_headlight_left"
BONE 27 9 "tag_headlight_right"
BONE 28 9 "tag_parkinglight_left_f"
BONE 29 9 "tag_parkinglight_right_f"
BONE 30 9 "tag_passenger"
BONE 31 9 "tag_player"
BONE 32 9 "tag_taillight_left"
BONE 33 9 "tag_taillight_right"
BONE 34 9 "tag_turret"
BONE 35 34 "turret_animate_jnt"
BONE 36 35 "tag_barrel"
BONE 37 36 "barrel_animate_jnt"
BONE 38 37 "tag_flash"
BONE 39 37 "tag_missile1"
BONE 40 37 "tag_missile10"
BONE 41 37 "tag_missile11"
BONE 42 37 "tag_missile12"
BONE 43 37 "tag_missile13"
BONE 44 37 "tag_missile14"
BONE 45 37 "tag_missile15"
BONE 46 37 "tag_missile16"
BONE 47 37 "tag_missile17"
BONE 48 37 "tag_missile18"
BONE 49 37 "tag_missile19"
BONE 50 37 "tag_missile2"
BONE 51 37 "tag_missile20"
BONE 52 37 "tag_missile21"
BONE 53 37 "tag_missile22"
BONE 54 37 "tag_missile23"
BONE 55 37 "tag_missile24"
BONE 56 37 "tag_missile25"
BONE 57 37 "tag_missile26"
BONE 58 37 "tag_missile3"
BONE 59 37 "tag_missile4"
BONE 60 37 "tag_missile5"
BONE 61 37 "tag_missile6"
BONE 62 37 "tag_missile7"
BONE 63 37 "tag_missile8"
BONE 64 37 "tag_missile9"

BONE 0
OFFSET 0.000000, 0.000000, 0.000000
SCALE 1.000000, 1.000000, 1.000000
X 1.000000, 0.000000, 0.000000
Y 0.000000, 1.000000, 0.000000
Z 0.000000, 0.000000, 1.000000

BONE 1
OFFSET 0.000000, 0.000000, 0.000000
SCALE 1.000000, 1.000000, 1.000000
X 1.000000, 0.000000, 0.000000
Y 0.000000, 1.000000, 0.000000
Z 0.000000, 0.000000, 1.000000

BONE 2
OFFSET 0.000000, -0.878156, 45.000000
SCALE 1.000000, 1.000000, 1.000000
X 1.000000, 0.000000, 0.000000
Y 0.000000, 1.000000, 0.000000
Z 0.000000, 0.000000, 1.000000

BONE 3
OFFSET -109.633308, 43.828529, 0.000000
SCALE 1.000000, 1.000000, 1.000000
X 1.000000, 0.000000, 0.000000
Y 0.000000, 1.000000, 0.000000
Z 0.000000, 0.000000, 1.000000

BONE 4
OFFSET -109.633316, -43.823215, 0.000000
SCALE 1.000000, 1.000000, 1.000000
X 1.000000, 0.000000, 0.000000
Y 0.000000, 1.000000, 0.000000
Z 0.000000, 0.000000, 1.000000

BONE 5
OFFSET 102.219215, 43.828529, 0.000000
SCALE 1.000000, 1.000000, 1.000000
X 1.000000, 0.000000, 0.000000
Y 0.000000, 1.000000, 0.000000
Z 0.000000, 0.000000, 1.000000

BONE 6
OFFSET 102.219208, -43.823181, 0.000000
SCALE 1.000000, 1.000000, 1.000000
X 1.000000, 0.000000, 0.000000
Y 0.000000, 1.000000, 0.000000
Z 0.000000, 0.000000, 1.000000

BONE 7
OFFSET -48.947002, 43.828602, 0.000000
SCALE 1.000000, 1.000000, 1.000000
X 1.000000, 0.000000, 0.000000
Y 0.000000, 1.000000, 0.000000
Z 0.000000, 0.000000, 1.000000

BONE 8
OFFSET -48.932323, -43.823250, 0.000000
SCALE 1.000000, 1.000000, 1.000000
X 1.000000, 0.000000, 0.000000
Y 0.000000, 1.000000, 0.000000
Z 0.000000, 0.000000, 1.000000

BONE 9
OFFSET 0.000000, -0.878156, 45.000000
SCALE 1.000000, 1.000000, 1.000000
X 1.000000, 0.000000, 0.000000
Y 0.000000, 1.000000, 0.000000
Z 0.000000, 0.000000, 1.000000

BONE 10
OFFSET 102.219215, 43.828529, 26.411207
SCALE 1.000000, 1.000000, 1.000000
X 1.000000, 0.000000, 0.000000
Y 0.000000, 1.000000, 0.000000
Z 0.000000, 0.000000, 1.000000

BONE 11
OFFSET -48.947002, 43.828602, 26.399206
SCALE 1.000000, 1.000000, 1.000000
X 1.000000, 0.000000, 0.000000
Y 0.000000, 1.000000, 0.000000
Z 0.000000, 0.000000, 1.000000

BONE 12
OFFSET -109.633308, 43.828529, 26.399206
SCALE 1.000000, 1.000000, 1.000000
X 1.000000, 0.000000, 0.000000
Y 0.000000, 1.000000, 0.000000
Z 0.000000, 0.000000, 1.000000

BONE 13
OFFSET 102.219208, -43.823181, 26.411207
SCALE 1.000000, 1.000000, 1.000000
X 1.000000, 0.000000, 0.000000
Y 0.000000, 1.000000, 0.000000
Z 0.000000, 0.000000, 1.000000

BONE 14
OFFSET -48.932323, -43.823250, 26.399206
SCALE 1.000000, 1.000000, 1.000000
X 1.000000, 0.000000, 0.000000
Y 0.000000, 1.000000, 0.000000
Z 0.000000, 0.000000, 1.000000

BONE 15
OFFSET -109.633316, -43.823215, 26.399206
SCALE 1.000000, 1.000000, 1.000000
X 1.000000, 0.000000, 0.000000
Y 0.000000, 1.000000, 0.000000
Z 0.000000, 0.000000, 1.000000

BONE 16
OFFSET 74.552132, 43.567585, 74.066078
SCALE 1.000000, 1.000000, 1.000000
X 1.000000, 0.000000, 0.000000
Y 0.000000, 1.000000, 0.000000
Z 0.000000, 0.000000, 1.000000

BONE 17
OFFSET 74.552162, -42.825729, 74.066101
SCALE 1.000000, 1.000000, 1.000000
X -1.000000, 0.000000, 0.000000
Y 0.000000, 1.000000, 0.000000
Z 0.000000, 0.000000, -1.000000

BONE 18
OFFSET -2.011512, -56.160461, 45.518326
SCALE 1.000000, 1.000000, 1.000000
X 0.992551, 0.000003, -0.121828
Y 0.121828, -0.000036, 0.992544
Z -0.000003, -0.999993, -0.000036

BONE 19
OFFSET 0.000000, -0.878156, 63.000000
SCALE 1.000000, 1.000000, 1.000000
X -0.000020, 0.000000, 1.000000
Y -0.000000, 1.000000, 0.000000
Z -1.000000, -0.000000, -0.000020

BONE 20
OFFSET 55.000000, 20.000000, 55.681366
SCALE 1.000000, 1.000000, 1.000000
X 1.000000, 0.000000, 0.000000
Y 0.000000, 1.000000, 0.000000
Z 0.000000, 0.000000, 1.000000

BONE 21
OFFSET 110.480492, 29.502710, 78.015175
SCALE 1.000000, 1.000000, 1.000000
X 1.000000, 0.000000, 0.000000
Y 0.000000, 1.000000, 0.000000
Z 0.000000, 0.000000, 1.000000

BONE 22
OFFSET 110.480003, -29.225697, 78.015198
SCALE 1.000000, 1.000000, 1.000000
X 1.000000, 0.000000, 0.000000
Y 0.000000, 1.000000, 0.000000
Z 0.000000, 0.000000, 1.000000

BONE 23
OFFSET 52.501717, -3.967443, 52.704308
SCALE 1.000000, 1.000000, 1.000000
X -0.000020, 0.000000, 1.000000
Y -0.000000, 1.000000, 0.000000
Z -1.000000, -0.000000, -0.000020

BONE 24
OFFSET 14.885688, 37.534725, 23.606623
SCALE 1.000000, 1.000000, 1.000000
X 0.000034, 0.599425, 0.800440
Y -0.000014, 0.800432, -0.599425
Z -1.000000, 0.000014, 0.000034

BONE 25
OFFSET -103.787735, -48.636776, 11.764435
SCALE 1.000000, 1.000000, 1.000000
X -0.000020, 0.000000, 1.000000
Y -0.000000, 1.000000, 0.000000
Z -1.000000, -0.000000, -0.000020

BONE 26
OFFSET 144.193405, 36.000557, 56.064056
SCALE 1.000000, 1.000000, 1.000000
X 1.000000, 0.000000, 0.000000
Y 0.000000, 1.000000, 0.000000
Z 0.000000, 0.000000, 1.000000

BONE 27
OFFSET 144.193497, -35.649143, 56.064098
SCALE 1.000000, 1.000000, 1.000000
X 1.000000, 0.000000, 0.000000
Y 0.000000, 1.000000, 0.000000
Z 0.000000, 0.000000, 1.000000

BONE 28
OFFSET 143.207352, 43.365921, 59.539417
SCALE 1.000000, 1.000000, 1.000000
X 1.000000, 0.000000, 0.000000
Y 0.000000, 1.000000, 0.000000
Z 0.000000, 0.000000, 1.000000

BONE 29
OFFSET 143.207352, -43.299717, 59.539417
SCALE 1.000000, 1.000000, 1.000000
X 1.000000, 0.000000, 0.000000
Y 0.000000, 1.000000, 0.000000
Z 0.000000, 0.000000, 1.000000

BONE 30
OFFSET 55.000000, -20.000000, 55.681366
SCALE 1.000000, 1.000000, 1.000000
X 1.000000, 0.000000, 0.000000
Y 0.000000, 1.000000, 0.000000
Z 0.000000, 0.000000, 1.000000

BONE 31
OFFSET 55.000000, 20.000000, 55.681366
SCALE 1.000000, 1.000000, 1.000000
X 1.000000, 0.000000, 0.000000
Y 0.000000, 1.000000, 0.000000
Z 0.000000, 0.000000, 1.000000

BONE 32
OFFSET -146.765213, 37.326630, 43.136787
SCALE 1.000000, 1.000000, 1.000000
X 1.000000, 0.000000, 0.000000
Y 0.000000, 1.000000, 0.000000
Z 0.000000, 0.000000, 1.000000

BONE 33
OFFSET -146.765213, -37.436081, 43.136787
SCALE 1.000000, 1.000000, 1.000000
X 1.000000, 0.000000, 0.000000
Y 0.000000, 1.000000, 0.000000
Z 0.000000, 0.000000, 1.000000

BONE 34
OFFSET -94.350662, -0.761706, 72.019142
SCALE 1.000000, 1.000000, 1.000000
X 1.000000, 0.000000, 0.000000
Y 0.000000, 1.000000, 0.000000
Z 0.000000, 0.000000, 1.000000

BONE 35
OFFSET -94.350662, -0.761706, 72.019142
SCALE 1.000000, 1.000000, 1.000000
X 1.000000, 0.000000, 0.000000
Y 0.000000, 1.000000, 0.000000
Z 0.000000, 0.000000, 1.000000

BONE 36
OFFSET -134.514267, -0.761706, 72.902168
SCALE 1.000000, 1.000000, 1.000000
X 1.000000, 0.000000, 0.000000
Y 0.000000, 1.000000, 0.000000
Z 0.000000, 0.000000, 1.000000

BONE 37
OFFSET -134.514267, -0.761706, 72.902168
SCALE 1.000000, 1.000000, 1.000000
X 1.000000, 0.000000, 0.000000
Y 0.000000, 1.000000, 0.000000
Z 0.000000, 0.000000, 1.000000

BONE 38
OFFSET -11.679619, 0.116449, 121.194763
SCALE 1.000000, 1.000000, 1.000000
X 0.987417, 0.000000, 0.158137
Y -0.000000, 1.000000, 0.000000
Z -0.158137, -0.000000, 0.987417

BONE 39
OFFSET -77.590500, -28.145092, 100.182663
SCALE 1.000000, 1.000000, 1.000000
X 0.987687, 0.000000, 0.156442
Y -0.000000, 1.000000, 0.000000
Z -0.156442, -0.000000, 0.987687

BONE 40
OFFSET -78.694893, -28.145092, 107.077583
SCALE 1.000000, 1.000000, 1.000000
X 0.987687, 0.000000, 0.156442
Y -0.000000, 1.000000, 0.000000
Z -0.156442, -0.000000, 0.987687

BONE 41
OFFSET -78.694893, -21.134785, 107.077583
SCALE 1.000000, 1.000000, 1.000000
X 0.987417, 0.000000, 0.158137
Y -0.000000, 1.000000, 0.000000
Z -0.158137, -0.000000, 0.987417

BONE 42
OFFSET -78.694893, -14.124477, 107.077583
SCALE 1.000000, 1.000000, 1.000000
X 0.987687, 0.000000, 0.156442
Y -0.000000, 1.000000, 0.000000
Z -0.156442, -0.000000, 0.987687

BONE 43
OFFSET -78.694893, -7.100365, 107.077583
SCALE 1.000000, 1.000000, 1.000000
X 0.987687, 0.000000, 0.156442
Y -0.000000, 1.000000, 0.000000
Z -0.156442, -0.000000, 0.987687

BONE 44
OFFSET -78.694893, -0.114976, 107.077583
SCALE 1.000000, 1.000000, 1.000000
X 0.987687, 0.000000, 0.156442
Y -0.000000, 1.000000, 0.000000
Z -0.156442, -0.000000, 0.987687

BONE 45
OFFSET -78.694893, 6.873930, 107.077583
SCALE 1.000000, 1.000000, 1.000000
X 0.987687, 0.000000, 0.156442
Y -0.000000, 1.000000, 0.000000
Z -0.156442, -0.000000, 0.987687

BONE 46
OFFSET -78.694893, 13.899094, 107.077583
SCALE 1.000000, 1.000000, 1.000000
X 0.987687, 0.000000, 0.156442
Y -0.000000, 1.000000, 0.000000
Z -0.156442, -0.000000, 0.987687

BONE 47
OFFSET -78.694893, 20.912422, 107.077583
SCALE 1.000000, 1.000000, 1.000000
X 0.987687, 0.000000, 0.156442
Y -0.000000, 1.000000, 0.000000
Z -0.156442, -0.000000, 0.987687

BONE 48
OFFSET -78.694893, 27.903536, 107.077583
SCALE 1.000000, 1.000000, 1.000000
X 0.987687, 0.000000, 0.156442
Y -0.000000, 1.000000, 0.000000
Z -0.156442, -0.000000, 0.987687

BONE 49
OFFSET -79.804192, -28.145092, 114.003197
SCALE 1.000000, 1.000000, 1.000000
X 0.987687, 0.000000, 0.156442
Y -0.000000, 1.000000, 0.000000
Z -0.156442, -0.000000, 0.987687

BONE 50
OFFSET -77.590500, -21.134785, 100.182663
SCALE 1.000000, 1.000000, 1.000000
X 0.987417, 0.000000, 0.158137
Y -0.000000, 1.000000, 0.000000
Z -0.158137, -0.000000, 0.987417

BONE 51
OFFSET -79.804192, -21.134785, 114.003197
SCALE 1.000000, 1.000000, 1.000000
X 0.987417, 0.000000, 0.158137
Y -0.000000, 1.000000, 0.000000
Z -0.158137, -0.000000, 0.987417

BONE 52
OFFSET -79.804192, -14.124477, 114.003197
SCALE 1.000000, 1.000000, 1.000000
X 0.987687, 0.000000, 0.156442
Y -0.000000, 1.000000, 0.000000
Z -0.156442, -0.000000, 0.987687

BONE 53
OFFSET -79.804192, -7.100365, 114.003197
SCALE 1.000000, 1.000000, 1.000000
X 0.987687, 0.000000, 0.156442
Y -0.000000, 1.000000, 0.000000
Z -0.156442, -0.000000, 0.987687

BONE 54
OFFSET -79.804192, -0.114976, 114.003197
SCALE 1.000000, 1.000000, 1.000000
X 0.987687, 0.000000, 0.156442
Y -0.000000, 1.000000, 0.000000
Z -0.156442, -0.000000, 0.987687

BONE 55
OFFSET -79.804192, 6.873930, 114.003197
SCALE 1.000000, 1.000000, 1.000000
X 0.987687, 0.000000, 0.156442
Y -0.000000, 1.000000, 0.000000
Z -0.156442, -0.000000, 0.987687

BONE 56
OFFSET -79.804192, 13.899094, 114.003197
SCALE 1.000000, 1.000000, 1.000000
X 0.987687, 0.000000, 0.156442
Y -0.000000, 1.000000, 0.000000
Z -0.156442, -0.000000, 0.987687

BONE 57
OFFSET -79.804192, 20.912422, 114.003197
SCALE 1.000000, 1.000000, 1.000000
X 0.987687, 0.000000, 0.156442
Y -0.000000, 1.000000, 0.000000
Z -0.156442, -0.000000, 0.987687

BONE 58
OFFSET -77.590500, -14.124477, 100.182663
SCALE 1.000000, 1.000000, 1.000000
X 0.987687, 0.000000, 0.156442
Y -0.000000, 1.000000, 0.000000
Z -0.156442, -0.000000, 0.987687

BONE 59
OFFSET -77.590500, -7.100365, 100.182663
SCALE 1.000000, 1.000000, 1.000000
X 0.987687, 0.000000, 0.156442
Y -0.000000, 1.000000, 0.000000
Z -0.156442, -0.000000, 0.987687

BONE 60
OFFSET -77.590500, -0.114976, 100.182663
SCALE 1.000000, 1.000000, 1.000000
X 0.987687, 0.000000, 0.156442
Y -0.000000, 1.000000, 0.000000
Z -0.156442, -0.000000, 0.987687

BONE 61
OFFSET -77.590500, 6.873930, 100.182663
SCALE 1.000000, 1.000000, 1.000000
X 0.987687, 0.000000, 0.156442
Y -0.000000, 1.000000, 0.000000
Z -0.156442, -0.000000, 0.987687

BONE 62
OFFSET -77.590500, 13.899094, 100.182663
SCALE 1.000000, 1.000000, 1.000000
X 0.987687, 0.000000, 0.156442
Y -0.000000, 1.000000, 0.000000
Z -0.156442, -0.000000, 0.987687

BONE 63
OFFSET -77.590500, 20.912422, 100.182663
SCALE 1.000000, 1.000000, 1.000000
X 0.987687, 0.000000, 0.156442
Y -0.000000, 1.000000, 0.000000
Z -0.156442, -0.000000, 0.987687

BONE 64
OFFSET -77.590500, 27.903536, 100.182663
SCALE 1.000000, 1.000000, 1.000000
X 0.987687, 0.000000, 0.156442
Y -0.000000, 1.000000, 0.000000
Z -0.156442, -0.000000, 0.987687

NUMVERTS 8758
VERT 0
OFFSET -115.548164, 27.077517, 68.554245
BONES 1
BONE 35 1.000000

VERT 1
OFFSET -124.516861, 27.895725, 67.385010
BONES 1
BONE 35 1.000000

VERT 2
OFFSET -115.303535, 27.875889, 68.100960
BONES 1
BONE 35 1.000000

VERT 3
OFFSET -116.539566, 26.724787, 68.579842
BONES 1
BONE 35 1.000000

VERT 4
OFFSET -116.234909, 26.724787, 67.458931
BONES 1
BONE 35 1.000000

VERT 5
OFFSET -116.408173, 28.325920, 68.546661
BONES 1
BONE 35 1.000000

VERT 6
OFFSET -116.138428, 28.325920, 67.554199
BONES 1
BONE 35 1.000000

VERT 7
OFFSET -114.246803, 26.724787, 67.999268
BONES 1
BONE 35 1.000000

VERT 8
OFFSET -114.551468, 26.724787, 69.120293
BONES 1
BONE 35 1.000000

VERT 9
OFFSET -114.378235, 28.325920, 68.032570
BONES 1
BONE 35 1.000000

VERT 10
OFFSET -114.647942, 28.325920, 69.025024
BONES 1
BONE 35 1.000000

VERT 11
OFFSET -114.647942, 28.325920, 69.025024
BONES 1
BONE 35 1.000000

VERT 12
OFFSET -116.408173, 28.325920, 68.546661
BONES 1
BONE 35 1.000000

VERT 13
OFFSET -114.378235, 28.325920, 68.032570
BONES 1
BONE 35 1.000000

VERT 14
OFFSET -116.138428, 28.325920, 67.554199
BONES 1
BONE 35 1.000000

VERT 15
OFFSET -116.408173, 28.325920, 68.546661
BONES 1
BONE 35 1.000000

VERT 16
OFFSET -114.647942, 28.325920, 69.025024
BONES 1
BONE 35 1.000000

VERT 17
OFFSET -116.539566, 26.724787, 68.579842
BONES 1
BONE 35 1.000000

VERT 18
OFFSET -114.551468, 26.724787, 69.120293
BONES 1
BONE 35 1.000000

VERT 19
OFFSET -114.378235, 28.325920, 68.032570
BONES 1
BONE 35 1.000000

VERT 20
OFFSET -116.138428, 28.325920, 67.554199
BONES 1
BONE 35 1.000000

VERT 21
OFFSET -114.246803, 26.724787, 67.999268
BONES 1
BONE 35 1.000000

VERT 22
OFFSET -116.234909, 26.724787, 67.458931
BONES 1
BONE 35 1.000000

VERT 23
OFFSET -118.341957, -26.150335, 71.060211
BONES 1
BONE 35 1.000000

VERT 24
OFFSET -117.313065, -26.150335, 70.031342
BONES 1
BONE 35 1.000000

VERT 25
OFFSET -117.313065, -32.521519, 70.031342
BONES 1
BONE 35 1.000000

VERT 26
OFFSET -118.341957, -32.521519, 71.060211
BONES 1
BONE 35 1.000000

VERT 27
OFFSET -119.069496, -32.521519, 70.758919
BONES 1
BONE 35 1.000000

VERT 28
OFFSET -119.069458, -26.150335, 70.758919
BONES 1
BONE 35 1.000000

VERT 29
OFFSET -119.370850, -32.521519, 70.031342
BONES 1
BONE 35 1.000000

VERT 30
OFFSET -119.370804, -26.150335, 70.031342
BONES 1
BONE 35 1.000000

VERT 31
OFFSET -119.069496, -32.521519, 69.303841
BONES 1
BONE 35 1.000000

VERT 32
OFFSET -119.069458, -26.150335, 69.303841
BONES 1
BONE 35 1.000000

VERT 33
OFFSET -118.341957, -32.521519, 69.002480
BONES 1
BONE 35 1.000000

VERT 34
OFFSET -118.341957, -26.150335, 69.002480
BONES 1
BONE 35 1.000000

VERT 35
OFFSET -117.614410, -32.521519, 69.303841
BONES 1
BONE 35 1.000000

VERT 36
OFFSET -117.614410, -26.150335, 69.303841
BONES 1
BONE 35 1.000000

VERT 37
OFFSET -117.313065, -32.521519, 70.031342
BONES 1
BONE 35 1.000000

VERT 38
OFFSET -117.313065, -26.150335, 70.031342
BONES 1
BONE 35 1.000000

VERT 39
OFFSET -118.592941, -32.463760, 68.913017
BONES 1
BONE 35 1.000000

VERT 40
OFFSET -118.592934, -33.683758, 68.913017
BONES 1
BONE 35 1.000000

VERT 41
OFFSET -117.749275, -32.463760, 69.033218
BONES 1
BONE 35 1.000000

VERT 42
OFFSET -117.749260, -33.683754, 69.033218
BONES 1
BONE 35 1.000000

VERT 43
OFFSET -119.503471, -32.463760, 69.516869
BONES 1
BONE 35 1.000000

VERT 44
OFFSET -119.503471, -33.683758, 69.516869
BONES 1
BONE 35 1.000000

VERT 45
OFFSET -118.592941, -32.463760, 68.913017
BONES 1
BONE 35 1.000000

VERT 46
OFFSET -118.592934, -33.683758, 68.913017
BONES 1
BONE 35 1.000000

VERT 47
OFFSET -119.485573, -32.463760, 70.495392
BONES 1
BONE 35 1.000000

VERT 48
OFFSET -119.485558, -33.683754, 70.495392
BONES 1
BONE 35 1.000000

VERT 49
OFFSET -119.503471, -32.463760, 69.516869
BONES 1
BONE 35 1.000000

VERT 50
OFFSET -119.503471, -33.683758, 69.516869
BONES 1
BONE 35 1.000000

VERT 51
OFFSET -117.614388, 32.526871, 70.758919
BONES 1
BONE 35 1.000000

VERT 52
OFFSET -117.313034, 32.526871, 70.031342
BONES 1
BONE 35 1.000000

VERT 53
OFFSET -117.313065, 26.155687, 70.031342
BONES 1
BONE 35 1.000000

VERT 54
OFFSET -117.614410, 26.155687, 70.758919
BONES 1
BONE 35 1.000000

VERT 55
OFFSET -119.069458, 32.526871, 70.758919
BONES 1
BONE 35 1.000000

VERT 56
OFFSET -119.069473, 26.155687, 70.758919
BONES 1
BONE 35 1.000000

VERT 57
OFFSET -119.370804, 32.526871, 70.031342
BONES 1
BONE 35 1.000000

VERT 58
OFFSET -119.370819, 26.155687, 70.031342
BONES 1
BONE 35 1.000000

VERT 59
OFFSET -119.069458, 32.526871, 69.303841
BONES 1
BONE 35 1.000000

VERT 60
OFFSET -119.069473, 26.155687, 69.303841
BONES 1
BONE 35 1.000000

VERT 61
OFFSET -118.341942, 32.526871, 69.002480
BONES 1
BONE 35 1.000000

VERT 62
OFFSET -118.341927, 26.155687, 69.002480
BONES 1
BONE 35 1.000000

VERT 63
OFFSET -117.614388, 32.526871, 69.303841
BONES 1
BONE 35 1.000000

VERT 64
OFFSET -117.614410, 26.155687, 69.303841
BONES 1
BONE 35 1.000000

VERT 65
OFFSET -117.313034, 32.526871, 70.031342
BONES 1
BONE 35 1.000000

VERT 66
OFFSET -117.313065, 26.155687, 70.031342
BONES 1
BONE 35 1.000000

VERT 67
OFFSET -118.592934, 32.469112, 68.913017
BONES 1
BONE 35 1.000000

VERT 68
OFFSET -117.749275, 32.469112, 69.033218
BONES 1
BONE 35 1.000000

VERT 69
OFFSET -118.592957, 33.689110, 68.913017
BONES 1
BONE 35 1.000000

VERT 70
OFFSET -117.749313, 33.689110, 69.033218
BONES 1
BONE 35 1.000000

VERT 71
OFFSET -118.592934, 32.469112, 68.913017
BONES 1
BONE 35 1.000000

VERT 72
OFFSET -118.592957, 33.689110, 68.913017
BONES 1
BONE 35 1.000000

VERT 73
OFFSET -119.503456, 32.469112, 69.516869
BONES 1
BONE 35 1.000000

VERT 74
OFFSET -119.503471, 33.689110, 69.516869
BONES 1
BONE 35 1.000000

VERT 75
OFFSET -119.485573, 32.469112, 70.495392
BONES 1
BONE 35 1.000000

VERT 76
OFFSET -119.503456, 32.469112, 69.516869
BONES 1
BONE 35 1.000000

VERT 77
OFFSET -119.485603, 33.689110, 70.495392
BONES 1
BONE 35 1.000000

VERT 78
OFFSET -119.503471, 33.689110, 69.516869
BONES 1
BONE 35 1.000000

VERT 79
OFFSET -124.516861, 27.895725, 67.385010
BONES 1
BONE 35 1.000000

VERT 80
OFFSET -124.519875, 28.812111, 67.104576
BONES 1
BONE 35 1.000000

VERT 81
OFFSET -125.822739, 27.990791, 66.792435
BONES 1
BONE 35 1.000000

VERT 82
OFFSET -126.053207, 27.135159, 66.757050
BONES 1
BONE 35 1.000000

VERT 83
OFFSET -124.371941, 27.725042, 66.885406
BONES 1
BONE 35 1.000000

VERT 84
OFFSET -125.766434, 27.061932, 66.321213
BONES 1
BONE 35 1.000000

VERT 85
OFFSET -125.507553, 27.452803, 66.121094
BONES 1
BONE 35 1.000000

VERT 86
OFFSET -124.300598, 28.097961, 66.495445
BONES 1
BONE 35 1.000000

VERT 87
OFFSET -125.535919, 27.917303, 66.356705
BONES 1
BONE 35 1.000000

VERT 88
OFFSET -115.698662, 26.852816, 68.077148
BONES 1
BONE 35 1.000000

VERT 89
OFFSET -115.651802, 27.139526, 67.612007
BONES 1
BONE 35 1.000000

VERT 90
OFFSET -124.374557, 28.641563, 66.604965
BONES 1
BONE 35 1.000000

VERT 91
OFFSET -124.519875, 28.812111, 67.104576
BONES 1
BONE 35 1.000000

VERT 92
OFFSET -125.822739, 27.990791, 66.792435
BONES 1
BONE 35 1.000000

VERT 93
OFFSET -115.548164, 27.077517, 68.554245
BONES 1
BONE 35 1.000000

VERT 94
OFFSET -115.454002, 27.650928, 67.623856
BONES 1
BONE 35 1.000000

VERT 95
OFFSET -115.303535, 27.875889, 68.100960
BONES 1
BONE 35 1.000000

VERT 96
OFFSET -127.077454, 4.708625, 64.746361
BONES 1
BONE 35 1.000000

VERT 97
OFFSET -128.922531, 4.449102, 64.567963
BONES 1
BONE 35 1.000000

VERT 98
OFFSET -129.117722, 5.025780, 65.048477
BONES 1
BONE 35 1.000000

VERT 99
OFFSET -127.077454, 5.249705, 65.130661
BONES 1
BONE 35 1.000000

VERT 100
OFFSET -127.077454, 5.790739, 64.746361
BONES 1
BONE 35 1.000000

VERT 101
OFFSET -129.329712, 5.602880, 64.587563
BONES 1
BONE 35 1.000000

VERT 102
OFFSET -127.077454, 5.790739, 63.977814
BONES 1
BONE 35 1.000000

VERT 103
OFFSET -129.346054, 5.603347, 63.646099
BONES 1
BONE 35 1.000000

VERT 104
OFFSET -127.077454, 5.249705, 63.593540
BONES 1
BONE 35 1.000000

VERT 105
OFFSET -129.150421, 5.026669, 63.165600
BONES 1
BONE 35 1.000000

VERT 106
OFFSET -128.938858, 4.449437, 63.626518
BONES 1
BONE 35 1.000000

VERT 107
OFFSET -127.077454, 4.708625, 63.977814
BONES 1
BONE 35 1.000000

VERT 108
OFFSET -128.922531, 4.449102, 64.567963
BONES 1
BONE 35 1.000000

VERT 109
OFFSET -127.077454, 4.708625, 64.746361
BONES 1
BONE 35 1.000000

VERT 110
OFFSET -126.763985, 4.614336, 65.434311
BONES 1
BONE 35 1.000000

VERT 111
OFFSET -126.755806, 5.473711, 65.599388
BONES 1
BONE 35 1.000000

VERT 112
OFFSET -126.351616, 5.479461, 65.690056
BONES 1
BONE 35 1.000000

VERT 113
OFFSET -126.207581, 4.581612, 65.636993
BONES 1
BONE 35 1.000000

VERT 114
OFFSET -126.794075, 4.083541, 64.743515
BONES 1
BONE 35 1.000000

VERT 115
OFFSET -125.572060, 3.995433, 65.402718
BONES 1
BONE 35 1.000000

VERT 116
OFFSET -126.824615, 4.093526, 63.888855
BONES 1
BONE 35 1.000000

VERT 117
OFFSET -124.742607, 3.995433, 65.096924
BONES 1
BONE 35 1.000000

VERT 118
OFFSET -126.847382, 4.630486, 63.232853
BONES 1
BONE 35 1.000000

VERT 119
OFFSET -126.061386, 4.581612, 67.413788
BONES 1
BONE 35 1.000000

VERT 120
OFFSET -125.363075, 3.995433, 67.413788
BONES 1
BONE 35 1.000000

VERT 121
OFFSET -124.451065, 3.995433, 67.413788
BONES 1
BONE 35 1.000000

VERT 122
OFFSET -123.752777, 4.581612, 67.413788
BONES 1
BONE 35 1.000000

VERT 123
OFFSET -124.107529, 4.581612, 64.862671
BONES 1
BONE 35 1.000000

VERT 124
OFFSET -126.852547, 5.466947, 63.081676
BONES 1
BONE 35 1.000000

VERT 125
OFFSET -126.219612, 5.479461, 67.413788
BONES 1
BONE 35 1.000000

VERT 126
OFFSET -123.594536, 5.479461, 67.413788
BONES 1
BONE 35 1.000000

VERT 127
OFFSET -123.963470, 5.479461, 64.809547
BONES 1
BONE 35 1.000000

VERT 128
OFFSET -124.377991, 6.269158, 64.962471
BONES 1
BONE 35 1.000000

VERT 129
OFFSET -126.837509, 6.197148, 63.514091
BONES 1
BONE 35 1.000000

VERT 130
OFFSET -125.157547, 6.580898, 65.249786
BONES 1
BONE 35 1.000000

VERT 131
OFFSET -126.809547, 6.483860, 64.313423
BONES 1
BONE 35 1.000000

VERT 132
OFFSET -125.936684, 6.269158, 65.537193
BONES 1
BONE 35 1.000000

VERT 133
OFFSET -126.777748, 6.214063, 65.133598
BONES 1
BONE 35 1.000000

VERT 134
OFFSET -124.050339, 6.269158, 67.413788
BONES 1
BONE 35 1.000000

VERT 135
OFFSET -124.906853, 6.580898, 67.413788
BONES 1
BONE 35 1.000000

VERT 136
OFFSET -125.763840, 6.269158, 67.413788
BONES 1
BONE 35 1.000000

VERT 137
OFFSET -126.351616, 5.479461, 65.690056
BONES 1
BONE 35 1.000000

VERT 138
OFFSET -126.755806, 5.473711, 65.599388
BONES 1
BONE 35 1.000000

VERT 139
OFFSET -126.219612, 5.479461, 67.413788
BONES 1
BONE 35 1.000000

VERT 140
OFFSET -126.755806, 5.473711, 65.599388
BONES 1
BONE 35 1.000000

VERT 141
OFFSET -126.745499, 5.514807, 65.872147
BONES 1
BONE 35 1.000000

VERT 142
OFFSET -126.772156, 6.415663, 65.305397
BONES 1
BONE 35 1.000000

VERT 143
OFFSET -126.777748, 6.214063, 65.133598
BONES 1
BONE 35 1.000000

VERT 144
OFFSET -126.810844, 6.743937, 64.307487
BONES 1
BONE 35 1.000000

VERT 145
OFFSET -126.809547, 6.483860, 64.313423
BONES 1
BONE 35 1.000000

VERT 146
OFFSET -126.837509, 6.197148, 63.514091
BONES 1
BONE 35 1.000000

VERT 147
OFFSET -126.844810, 6.395113, 63.335052
BONES 1
BONE 35 1.000000

VERT 148
OFFSET -126.852547, 5.466947, 63.081676
BONES 1
BONE 35 1.000000

VERT 149
OFFSET -126.862885, 5.506608, 62.808918
BONES 1
BONE 35 1.000000

VERT 150
OFFSET -126.847382, 4.630486, 63.232853
BONES 1
BONE 35 1.000000

VERT 151
OFFSET -126.856430, 4.488971, 62.992847
BONES 1
BONE 35 1.000000

VERT 152
OFFSET -126.828903, 3.835772, 63.790955
BONES 1
BONE 35 1.000000

VERT 153
OFFSET -126.824615, 4.093526, 63.888855
BONES 1
BONE 35 1.000000

VERT 154
OFFSET -126.791512, 3.823535, 64.830826
BONES 1
BONE 35 1.000000

VERT 155
OFFSET -126.794075, 4.083541, 64.743515
BONES 1
BONE 35 1.000000

VERT 156
OFFSET -126.763985, 4.614336, 65.434311
BONES 1
BONE 35 1.000000

VERT 157
OFFSET -126.755394, 4.469313, 65.671280
BONES 1
BONE 35 1.000000

VERT 158
OFFSET -126.745499, 5.514807, 65.872147
BONES 1
BONE 35 1.000000

VERT 159
OFFSET -126.755806, 5.473711, 65.599388
BONES 1
BONE 35 1.000000

VERT 160
OFFSET -126.772156, 6.415663, 65.305397
BONES 1
BONE 35 1.000000

VERT 161
OFFSET -126.745499, 5.514807, 65.872147
BONES 1
BONE 35 1.000000

VERT 162
OFFSET -127.149246, 5.514260, 65.887749
BONES 1
BONE 35 1.000000

VERT 163
OFFSET -127.175903, 6.413888, 65.320915
BONES 1
BONE 35 1.000000

VERT 164
OFFSET -127.214615, 6.742329, 64.322426
BONES 1
BONE 35 1.000000

VERT 165
OFFSET -126.810844, 6.743937, 64.307487
BONES 1
BONE 35 1.000000

VERT 166
OFFSET -127.248581, 6.393930, 63.350021
BONES 1
BONE 35 1.000000

VERT 167
OFFSET -126.844810, 6.395113, 63.335052
BONES 1
BONE 35 1.000000

VERT 168
OFFSET -127.266624, 5.506269, 62.824368
BONES 1
BONE 35 1.000000

VERT 169
OFFSET -126.862885, 5.506608, 62.808918
BONES 1
BONE 35 1.000000

VERT 170
OFFSET -127.260185, 4.489731, 63.008064
BONES 1
BONE 35 1.000000

VERT 171
OFFSET -126.856430, 4.488971, 62.992847
BONES 1
BONE 35 1.000000

VERT 172
OFFSET -127.232674, 3.837037, 63.805691
BONES 1
BONE 35 1.000000

VERT 173
OFFSET -126.828903, 3.835772, 63.790955
BONES 1
BONE 35 1.000000

VERT 174
OFFSET -126.791512, 3.823535, 64.830826
BONES 1
BONE 35 1.000000

VERT 175
OFFSET -127.195259, 3.825209, 64.846092
BONES 1
BONE 35 1.000000

VERT 176
OFFSET -127.159134, 4.470707, 65.686958
BONES 1
BONE 35 1.000000

VERT 177
OFFSET -126.755394, 4.469313, 65.671280
BONES 1
BONE 35 1.000000

VERT 178
OFFSET -127.149246, 5.514260, 65.887749
BONES 1
BONE 35 1.000000

VERT 179
OFFSET -126.745499, 5.514807, 65.872147
BONES 1
BONE 35 1.000000

VERT 180
OFFSET -127.210732, 5.894581, 64.341927
BONES 1
BONE 35 1.000000

VERT 181
OFFSET -127.214615, 6.742329, 64.322426
BONES 1
BONE 35 1.000000

VERT 182
OFFSET -127.194405, 5.757041, 64.760109
BONES 1
BONE 35 1.000000

VERT 183
OFFSET -127.224922, 5.748625, 63.934772
BONES 1
BONE 35 1.000000

VERT 184
OFFSET -127.248581, 6.393930, 63.350021
BONES 1
BONE 35 1.000000

VERT 185
OFFSET -127.232239, 5.376927, 63.714588
BONES 1
BONE 35 1.000000

VERT 186
OFFSET -127.266624, 5.506269, 62.824368
BONES 1
BONE 35 1.000000

VERT 187
OFFSET -127.229660, 4.951234, 63.791561
BONES 1
BONE 35 1.000000

VERT 188
OFFSET -127.260185, 4.489731, 63.008064
BONES 1
BONE 35 1.000000

VERT 189
OFFSET -127.232674, 3.837037, 63.805691
BONES 1
BONE 35 1.000000

VERT 190
OFFSET -127.218460, 4.677885, 64.125572
BONES 1
BONE 35 1.000000

VERT 191
OFFSET -127.195259, 3.825209, 64.846092
BONES 1
BONE 35 1.000000

VERT 192
OFFSET -127.202576, 4.672895, 64.561264
BONES 1
BONE 35 1.000000

VERT 193
OFFSET -127.187508, 4.943244, 64.913422
BONES 1
BONE 35 1.000000

VERT 194
OFFSET -127.159134, 4.470707, 65.686958
BONES 1
BONE 35 1.000000

VERT 195
OFFSET -127.149246, 5.514260, 65.887749
BONES 1
BONE 35 1.000000

VERT 196
OFFSET -127.183220, 5.380355, 64.997444
BONES 1
BONE 35 1.000000

VERT 197
OFFSET -127.175903, 6.413888, 65.320915
BONES 1
BONE 35 1.000000

VERT 198
OFFSET -47.787300, -5.006984, 94.636726
BONES 1
BONE 37 1.000000

VERT 199
OFFSET -47.232189, -5.584955, 95.095413
BONES 1
BONE 37 1.000000

VERT 200
OFFSET -47.787300, 4.918887, 94.636726
BONES 1
BONE 37 1.000000

VERT 201
OFFSET -47.232197, 5.496859, 95.095413
BONES 1
BONE 37 1.000000

VERT 202
OFFSET -47.787300, 4.918887, 94.636726
BONES 1
BONE 37 1.000000

VERT 203
OFFSET -47.232197, 5.496859, 95.095413
BONES 1
BONE 37 1.000000

VERT 204
OFFSET -56.125191, 4.918887, 92.532631
BONES 1
BONE 37 1.000000

VERT 205
OFFSET -56.830803, 5.496793, 92.673119
BONES 1
BONE 37 1.000000

VERT 206
OFFSET -56.125191, 4.918887, 92.532631
BONES 1
BONE 37 1.000000

VERT 207
OFFSET -56.830803, 5.496793, 92.673119
BONES 1
BONE 37 1.000000

VERT 208
OFFSET -56.125191, -5.006984, 92.532631
BONES 1
BONE 37 1.000000

VERT 209
OFFSET -56.830807, -5.584890, 92.673119
BONES 1
BONE 37 1.000000

VERT 210
OFFSET -56.125191, -5.006984, 92.532631
BONES 1
BONE 37 1.000000

VERT 211
OFFSET -56.830807, -5.584890, 92.673119
BONES 1
BONE 37 1.000000

VERT 212
OFFSET -47.787300, -5.006984, 94.636726
BONES 1
BONE 37 1.000000

VERT 213
OFFSET -47.232189, -5.584955, 95.095413
BONES 1
BONE 37 1.000000

VERT 214
OFFSET -47.232189, -5.584955, 95.095413
BONES 1
BONE 37 1.000000

VERT 215
OFFSET -47.354729, -5.584955, 96.667328
BONES 1
BONE 37 1.000000

VERT 216
OFFSET -47.232197, 5.496859, 95.095413
BONES 1
BONE 37 1.000000

VERT 217
OFFSET -47.354740, 5.496859, 96.667328
BONES 1
BONE 37 1.000000

VERT 218
OFFSET -56.830803, 5.496793, 92.673119
BONES 1
BONE 37 1.000000

VERT 219
OFFSET -47.232197, 5.496859, 95.095413
BONES 1
BONE 37 1.000000

VERT 220
OFFSET -56.953354, 5.496793, 94.245155
BONES 1
BONE 37 1.000000

VERT 221
OFFSET -47.354740, 5.496859, 96.667328
BONES 1
BONE 37 1.000000

VERT 222
OFFSET -56.830803, 5.496793, 92.673119
BONES 1
BONE 37 1.000000

VERT 223
OFFSET -56.953354, 5.496793, 94.245155
BONES 1
BONE 37 1.000000

VERT 224
OFFSET -56.830807, -5.584890, 92.673119
BONES 1
BONE 37 1.000000

VERT 225
OFFSET -56.953354, -5.584889, 94.245155
BONES 1
BONE 37 1.000000

VERT 226
OFFSET -56.830807, -5.584890, 92.673119
BONES 1
BONE 37 1.000000

VERT 227
OFFSET -56.953354, -5.584889, 94.245155
BONES 1
BONE 37 1.000000

VERT 228
OFFSET -47.232189, -5.584955, 95.095413
BONES 1
BONE 37 1.000000

VERT 229
OFFSET -47.354729, -5.584955, 96.667328
BONES 1
BONE 37 1.000000

VERT 230
OFFSET -132.864456, -27.947998, 82.024681
BONES 1
BONE 37 1.000000

VERT 231
OFFSET -132.864456, -33.000221, 82.024681
BONES 1
BONE 37 1.000000

VERT 232
OFFSET -133.880386, -33.000221, 84.477432
BONES 1
BONE 37 1.000000

VERT 233
OFFSET -133.880432, -27.947998, 84.477432
BONES 1
BONE 37 1.000000

VERT 234
OFFSET -136.333176, -33.000221, 85.493393
BONES 1
BONE 37 1.000000

VERT 235
OFFSET -136.333176, -27.947998, 85.493393
BONES 1
BONE 37 1.000000

VERT 236
OFFSET -138.785950, -33.000221, 84.477432
BONES 1
BONE 37 1.000000

VERT 237
OFFSET -138.785950, -27.947998, 84.477432
BONES 1
BONE 37 1.000000

VERT 238
OFFSET -139.801895, -33.000221, 82.024681
BONES 1
BONE 37 1.000000

VERT 239
OFFSET -139.801956, -27.947998, 82.024681
BONES 1
BONE 37 1.000000

VERT 240
OFFSET -138.785950, -33.000221, 79.571877
BONES 1
BONE 37 1.000000

VERT 241
OFFSET -138.785950, -27.947998, 79.571877
BONES 1
BONE 37 1.000000

VERT 242
OFFSET -136.333176, -33.000221, 78.555916
BONES 1
BONE 37 1.000000

VERT 243
OFFSET -136.333176, -27.947998, 78.555916
BONES 1
BONE 37 1.000000

VERT 244
OFFSET -133.880386, -33.000221, 79.571877
BONES 1
BONE 37 1.000000

VERT 245
OFFSET -133.880432, -27.947998, 79.571877
BONES 1
BONE 37 1.000000

VERT 246
OFFSET -132.864456, -33.000221, 82.024681
BONES 1
BONE 37 1.000000

VERT 247
OFFSET -132.864456, -27.947998, 82.024681
BONES 1
BONE 37 1.000000

VERT 248
OFFSET -133.880417, 33.005573, 84.477432
BONES 1
BONE 37 1.000000

VERT 249
OFFSET -132.864456, 33.005573, 82.024681
BONES 1
BONE 37 1.000000

VERT 250
OFFSET -132.864426, 27.953350, 82.024681
BONES 1
BONE 37 1.000000

VERT 251
OFFSET -133.880402, 27.953350, 84.477432
BONES 1
BONE 37 1.000000

VERT 252
OFFSET -136.333191, 33.005573, 85.493393
BONES 1
BONE 37 1.000000

VERT 253
OFFSET -136.333191, 27.953344, 85.493393
BONES 1
BONE 37 1.000000

VERT 254
OFFSET -138.785950, 33.005573, 84.477432
BONES 1
BONE 37 1.000000

VERT 255
OFFSET -138.785950, 27.953350, 84.477432
BONES 1
BONE 37 1.000000

VERT 256
OFFSET -139.801926, 33.005573, 82.024681
BONES 1
BONE 37 1.000000

VERT 257
OFFSET -139.801910, 27.953350, 82.024681
BONES 1
BONE 37 1.000000

VERT 258
OFFSET -138.785950, 33.005573, 79.571877
BONES 1
BONE 37 1.000000

VERT 259
OFFSET -138.785950, 27.953350, 79.571877
BONES 1
BONE 37 1.000000

VERT 260
OFFSET -136.333191, 33.005573, 78.555916
BONES 1
BONE 37 1.000000

VERT 261
OFFSET -136.333191, 27.953344, 78.555916
BONES 1
BONE 37 1.000000

VERT 262
OFFSET -133.880417, 33.005573, 79.571877
BONES 1
BONE 37 1.000000

VERT 263
OFFSET -133.880402, 27.953350, 79.571877
BONES 1
BONE 37 1.000000

VERT 264
OFFSET -132.864456, 33.005573, 82.024681
BONES 1
BONE 37 1.000000

VERT 265
OFFSET -132.864426, 27.953350, 82.024681
BONES 1
BONE 37 1.000000

VERT 266
OFFSET -149.067474, 27.761505, 68.124031
BONES 1
BONE 37 1.000000

VERT 267
OFFSET -148.761276, 27.880709, 68.191559
BONES 1
BONE 37 1.000000

VERT 268
OFFSET -148.928558, 27.366932, 67.201385
BONES 1
BONE 37 1.000000

VERT 269
OFFSET -148.588348, 27.392666, 67.023880
BONES 1
BONE 37 1.000000

VERT 270
OFFSET -149.037369, 27.836849, 66.927734
BONES 1
BONE 37 1.000000

VERT 271
OFFSET -148.723434, 27.973305, 66.701492
BONES 1
BONE 37 1.000000

VERT 272
OFFSET -148.877548, 28.508368, 67.122246
BONES 1
BONE 37 1.000000

VERT 273
OFFSET -149.161118, 28.268669, 67.252335
BONES 1
BONE 37 1.000000

VERT 274
OFFSET -148.896423, 28.461868, 67.867378
BONES 1
BONE 37 1.000000

VERT 275
OFFSET -149.176163, 28.230995, 67.850479
BONES 1
BONE 37 1.000000

VERT 276
OFFSET -148.761276, 27.880709, 68.191559
BONES 1
BONE 37 1.000000

VERT 277
OFFSET -149.067474, 27.761505, 68.124031
BONES 1
BONE 37 1.000000

VERT 278
OFFSET -142.444733, -30.339796, 80.976906
BONES 1
BONE 37 1.000000

VERT 279
OFFSET -142.507568, -29.410536, 80.976906
BONES 1
BONE 37 1.000000

VERT 280
OFFSET -142.696716, -29.579643, 80.489021
BONES 1
BONE 37 1.000000

VERT 281
OFFSET -142.636093, -30.418089, 80.251244
BONES 1
BONE 37 1.000000

VERT 282
OFFSET -143.220886, -30.842226, 80.976906
BONES 1
BONE 37 1.000000

VERT 283
OFFSET -143.297440, -31.011768, 80.096008
BONES 1
BONE 37 1.000000

VERT 284
OFFSET -144.019409, -30.767128, 80.178482
BONES 1
BONE 37 1.000000

VERT 285
OFFSET -144.059784, -30.415440, 80.976906
BONES 1
BONE 37 1.000000

VERT 286
OFFSET -144.080017, -29.928553, 80.416252
BONES 1
BONE 37 1.000000

VERT 287
OFFSET -144.122147, -29.486132, 80.976906
BONES 1
BONE 37 1.000000

VERT 288
OFFSET -143.334000, -28.987534, 79.163544
BONES 1
BONE 37 1.000000

VERT 289
OFFSET -143.497360, -29.735153, 78.683205
BONES 1
BONE 37 1.000000

VERT 290
OFFSET -144.045151, -30.420292, 78.987587
BONES 1
BONE 37 1.000000

VERT 291
OFFSET -144.430023, -30.357586, 79.772232
BONES 1
BONE 37 1.000000

VERT 292
OFFSET -144.266617, -29.609962, 80.252579
BONES 1
BONE 37 1.000000

VERT 293
OFFSET -143.418701, -29.334791, 80.571480
BONES 1
BONE 37 1.000000

VERT 294
OFFSET -143.346436, -28.983694, 80.976906
BONES 1
BONE 37 1.000000

VERT 295
OFFSET -142.507568, -29.410536, 80.976906
BONES 1
BONE 37 1.000000

VERT 296
OFFSET -142.696716, -29.579643, 80.489021
BONES 1
BONE 37 1.000000

VERT 297
OFFSET -143.718811, -28.924826, 79.948189
BONES 1
BONE 37 1.000000

VERT 298
OFFSET -143.334000, -28.987534, 79.163544
BONES 1
BONE 37 1.000000

VERT 299
OFFSET -144.080017, -29.928553, 80.416252
BONES 1
BONE 37 1.000000

VERT 300
OFFSET -149.612640, 26.980230, 69.358955
BONES 1
BONE 37 1.000000

VERT 301
OFFSET -149.487808, 27.427691, 69.390289
BONES 1
BONE 37 1.000000

VERT 302
OFFSET -149.393585, 27.517033, 68.238983
BONES 1
BONE 37 1.000000

VERT 303
OFFSET -149.496170, 27.079657, 68.130592
BONES 1
BONE 37 1.000000

VERT 304
OFFSET -149.996506, 26.718023, 69.332787
BONES 1
BONE 37 1.000000

VERT 305
OFFSET -149.838043, 26.836473, 67.959557
BONES 1
BONE 37 1.000000

VERT 306
OFFSET -150.459656, 26.763758, 69.324005
BONES 1
BONE 37 1.000000

VERT 307
OFFSET -150.259323, 26.901192, 67.805939
BONES 1
BONE 37 1.000000

VERT 308
OFFSET -150.785583, 27.096031, 69.336731
BONES 1
BONE 37 1.000000

VERT 309
OFFSET -149.082245, 27.226044, 67.943672
BONES 1
BONE 37 1.000000

VERT 310
OFFSET -149.021545, 27.123194, 67.518890
BONES 1
BONE 37 1.000000

VERT 311
OFFSET -149.033936, 27.293930, 67.120262
BONES 1
BONE 37 1.000000

VERT 312
OFFSET -149.114166, 27.670229, 66.920601
BONES 1
BONE 37 1.000000

VERT 313
OFFSET -150.562881, 27.243582, 67.741608
BONES 1
BONE 37 1.000000

VERT 314
OFFSET -150.606766, 27.703373, 67.796654
BONES 1
BONE 37 1.000000

VERT 315
OFFSET -150.821625, 27.559355, 69.365005
BONES 1
BONE 37 1.000000

VERT 316
OFFSET -149.193283, 27.573887, 68.201157
BONES 1
BONE 37 1.000000

VERT 317
OFFSET -149.225128, 28.077656, 67.020866
BONES 1
BONE 37 1.000000

VERT 318
OFFSET -150.370255, 28.065491, 67.945328
BONES 1
BONE 37 1.000000

VERT 319
OFFSET -150.551102, 27.936945, 69.395599
BONES 1
BONE 37 1.000000

VERT 320
OFFSET -149.964127, 28.160509, 68.118042
BONES 1
BONE 37 1.000000

VERT 321
OFFSET -150.100342, 28.052143, 69.414200
BONES 1
BONE 37 1.000000

VERT 322
OFFSET -149.578491, 27.943865, 68.234016
BONES 1
BONE 37 1.000000

VERT 323
OFFSET -149.680435, 27.851015, 69.412102
BONES 1
BONE 37 1.000000

VERT 324
OFFSET -149.313095, 28.318846, 67.369545
BONES 1
BONE 37 1.000000

VERT 325
OFFSET -149.340515, 28.292503, 67.804703
BONES 1
BONE 37 1.000000

VERT 326
OFFSET -149.296661, 28.004492, 68.141167
BONES 1
BONE 37 1.000000

VERT 327
OFFSET -149.393585, 27.517033, 68.238983
BONES 1
BONE 37 1.000000

VERT 328
OFFSET -149.487808, 27.427691, 69.390289
BONES 1
BONE 37 1.000000

VERT 329
OFFSET -149.193283, 27.573887, 68.201157
BONES 1
BONE 37 1.000000

VERT 330
OFFSET -149.193283, 27.573887, 68.201157
BONES 1
BONE 37 1.000000

VERT 331
OFFSET -149.196686, 27.543503, 68.338737
BONES 1
BONE 37 1.000000

VERT 332
OFFSET -149.061493, 27.120317, 68.025429
BONES 1
BONE 37 1.000000

VERT 333
OFFSET -149.082245, 27.226044, 67.943672
BONES 1
BONE 37 1.000000

VERT 334
OFFSET -148.987762, 26.995134, 67.508667
BONES 1
BONE 37 1.000000

VERT 335
OFFSET -149.021545, 27.123194, 67.518890
BONES 1
BONE 37 1.000000

VERT 336
OFFSET -149.033936, 27.293930, 67.120262
BONES 1
BONE 37 1.000000

VERT 337
OFFSET -149.002945, 27.202829, 67.023674
BONES 1
BONE 37 1.000000

VERT 338
OFFSET -149.114166, 27.670229, 66.920601
BONES 1
BONE 37 1.000000

VERT 339
OFFSET -149.100357, 27.660730, 66.780754
BONES 1
BONE 37 1.000000

VERT 340
OFFSET -149.225128, 28.077656, 67.020866
BONES 1
BONE 37 1.000000

VERT 341
OFFSET -149.235397, 28.156448, 66.902740
BONES 1
BONE 37 1.000000

VERT 342
OFFSET -149.342438, 28.449888, 67.326981
BONES 1
BONE 37 1.000000

VERT 343
OFFSET -149.313095, 28.318846, 67.369545
BONES 1
BONE 37 1.000000

VERT 344
OFFSET -149.375809, 28.417837, 67.856361
BONES 1
BONE 37 1.000000

VERT 345
OFFSET -149.340515, 28.292503, 67.804703
BONES 1
BONE 37 1.000000

VERT 346
OFFSET -149.296661, 28.004492, 68.141167
BONES 1
BONE 37 1.000000

VERT 347
OFFSET -149.322464, 28.067383, 68.265793
BONES 1
BONE 37 1.000000

VERT 348
OFFSET -149.196686, 27.543503, 68.338737
BONES 1
BONE 37 1.000000

VERT 349
OFFSET -149.193283, 27.573887, 68.201157
BONES 1
BONE 37 1.000000

VERT 350
