// Generated by Wraith - Game extraction tools
// Please credit DTZxPorter for using it!
MODEL
VERSION 6

NUMBONES 88
BONE 0 -1 "tag_origin"
BONE 1 0 "origin_animate_jnt"
BONE 2 1 "tag_body"
BONE 3 1 "tag_body_d"
BONE 4 1 "tag_wheel_back_left"
BONE 5 1 "tag_wheel_back_right"
BONE 6 1 "tag_wheel_front_left"
BONE 7 1 "tag_wheel_front_right"
BONE 8 2 "body_animate_jnt"
BONE 9 6 "left_wheel_01_jnt"
BONE 10 4 "left_wheel_02_jnt"
BONE 11 7 "right_wheel_01_jnt"
BONE 12 5 "right_wheel_02_jnt"
BONE 13 3 "tag_bumper_back_d"
BONE 14 3 "tag_bumper_front_d"
BONE 15 3 "tag_glass_back_d"
BONE 16 3 "tag_glass_front_d"
BONE 17 3 "tag_glass_side_left_d"
BONE 18 3 "tag_glass_side_right_d"
BONE 19 3 "tag_hood_d"
BONE 20 3 "tag_light_left_back_d"
BONE 21 3 "tag_light_left_front_d"
BONE 22 3 "tag_light_right_back_d"
BONE 23 3 "tag_light_right_front_d"
BONE 24 3 "tag_trunk_d"
BONE 25 4 "tag_wheel_back_left_d"
BONE 26 5 "tag_wheel_back_right_d"
BONE 27 6 "tag_wheel_front_left_d"
BONE 28 7 "tag_wheel_front_right_d"
BONE 29 8 "tag_brakelight_left"
BONE 30 8 "tag_brakelight_right"
BONE 31 8 "tag_bumper_back"
BONE 32 8 "tag_bumper_front"
BONE 33 8 "tag_death_fx"
BONE 34 8 "tag_door_left_back_parent"
BONE 35 8 "tag_door_left_front_parent"
BONE 36 8 "tag_door_right_back_parent"
BONE 37 8 "tag_door_right_front_parent"
BONE 38 8 "tag_driver"
BONE 39 8 "tag_exhaust_left"
BONE 40 8 "tag_exhaust_right"
BONE 41 8 "tag_fx_front"
BONE 42 8 "tag_fx_left"
BONE 43 8 "tag_fx_right"
BONE 44 8 "tag_glass_back"
BONE 45 8 "tag_glass_back_fx"
BONE 46 8 "tag_glass_front"
BONE 47 8 "tag_glass_front_fx"
BONE 48 8 "tag_glass_side_left"
BONE 49 8 "tag_glass_side_right"
BONE 50 8 "tag_headlight_left"
BONE 51 8 "tag_headlight_right"
BONE 52 8 "tag_hood"
BONE 53 8 "tag_hood_fx"
BONE 54 8 "tag_light_left_back"
BONE 55 8 "tag_light_left_front"
BONE 56 8 "tag_light_right_back"
BONE 57 8 "tag_light_right_front"
BONE 58 8 "tag_parkinglight_left_f"
BONE 59 8 "tag_parkinglight_right_f"
BONE 60 8 "tag_passenger"
BONE 61 8 "tag_passenger2"
BONE 62 8 "tag_passenger3"
BONE 63 8 "tag_trunk"
BONE 64 34 "tag_door_left_back"
BONE 65 34 "tag_door_left_back_d"
BONE 66 35 "tag_door_left_front"
BONE 67 35 "tag_door_left_front_d"
BONE 68 36 "tag_door_right_back"
BONE 69 36 "tag_door_right_back_d"
BONE 70 37 "tag_door_right_front"
BONE 71 37 "tag_door_right_front_d"
BONE 72 64 "tag_glass_left_back"
BONE 73 65 "tag_glass_left_back_d"
BONE 74 64 "tag_glass_left_back_fx"
BONE 75 66 "tag_glass_left_front"
BONE 76 67 "tag_glass_left_front_d"
BONE 77 66 "tag_glass_left_front_fx"
BONE 78 68 "tag_glass_right_back"
BONE 79 69 "tag_glass_right_back_d"
BONE 80 68 "tag_glass_right_back_fx"
BONE 81 70 "tag_glass_right_front"
BONE 82 71 "tag_glass_right_front_d"
BONE 83 70 "tag_glass_right_front_fx"
BONE 84 66 "tag_mirror_left"
BONE 85 67 "tag_mirror_left_d"
BONE 86 70 "tag_mirror_right"
BONE 87 71 "tag_mirror_right_d"

BONE 0
OFFSET 0.000000, 0.000000, 0.000000
SCALE 1.000000, 1.000000, 1.000000
X 1.000000, 0.000000, 0.000000
Y 0.000000, 1.000000, 0.000000
Z 0.000000, 0.000000, 1.000000

BONE 1
OFFSET 0.000000, 0.000000, 0.000000
SCALE 1.000000, 1.000000, 1.000000
X 1.000000, 0.000000, 0.000000
Y 0.000000, 1.000000, 0.000000
Z 0.000000, 0.000000, 1.000000

BONE 2
OFFSET 0.000000, 0.000000, 1.000000
SCALE 1.000000, 1.000000, 1.000000
X 1.000000, 0.000000, 0.000000
Y 0.000000, 1.000000, 0.000000
Z 0.000000, 0.000000, 1.000000

BONE 3
OFFSET 0.000000, 0.000000, 0.000000
SCALE 1.000000, 1.000000, 1.000000
X 1.000000, 0.000000, 0.000000
Y 0.000000, 1.000000, 0.000000
Z 0.000000, 0.000000, 1.000000

BONE 4
OFFSET -63.130180, 29.000000, 0.000000
SCALE 1.000000, 1.000000, 1.000000
X 1.000000, 0.000000, 0.000000
Y 0.000000, 1.000000, 0.000000
Z 0.000000, 0.000000, 1.000000

BONE 5
OFFSET -63.130180, -29.000000, 0.000000
SCALE 1.000000, 1.000000, 1.000000
X 1.000000, 0.000000, 0.000000
Y 0.000000, 1.000000, 0.000000
Z 0.000000, 0.000000, 1.000000

BONE 6
OFFSET 66.936256, 29.000000, 0.000000
SCALE 1.000000, 1.000000, 1.000000
X 1.000000, 0.000000, 0.000000
Y 0.000000, 1.000000, 0.000000
Z 0.000000, 0.000000, 1.000000

BONE 7
OFFSET 66.936256, -29.000000, 0.000003
SCALE 1.000000, 1.000000, 1.000000
X 1.000000, 0.000000, 0.000000
Y 0.000000, 1.000000, 0.000000
Z 0.000000, 0.000000, 1.000000

BONE 8
OFFSET 0.000000, 0.000000, 1.000000
SCALE 1.000000, 1.000000, 1.000000
X 1.000000, 0.000000, 0.000000
Y 0.000000, 1.000000, 0.000000
Z 0.000000, 0.000000, 1.000000

BONE 9
OFFSET 66.936256, 29.000000, 13.893404
SCALE 1.000000, 1.000000, 1.000000
X 1.000000, 0.000000, 0.000000
Y 0.000000, 1.000000, 0.000000
Z 0.000000, 0.000000, 1.000000

BONE 10
OFFSET -63.130180, 29.000000, 13.893404
SCALE 1.000000, 1.000000, 1.000000
X 1.000000, 0.000000, 0.000000
Y 0.000000, 1.000000, 0.000000
Z 0.000000, 0.000000, 1.000000

BONE 11
OFFSET 66.936256, -29.000000, 13.893404
SCALE 1.000000, 1.000000, 1.000000
X 1.000000, 0.000000, 0.000000
Y 0.000000, 1.000000, 0.000000
Z 0.000000, 0.000000, 1.000000

BONE 12
OFFSET -63.130180, -29.000000, 13.893404
SCALE 1.000000, 1.000000, 1.000000
X 1.000000, 0.000000, 0.000000
Y 0.000000, 1.000000, 0.000000
Z 0.000000, 0.000000, 1.000000

BONE 13
OFFSET -116.997658, -0.000002, 14.919540
SCALE 1.000000, 1.000000, 1.000000
X 1.000000, 0.000000, 0.000000
Y 0.000000, 0.985841, 0.167683
Z 0.000000, -0.167683, 0.985841

BONE 14
OFFSET 99.346001, -0.000002, 13.917942
SCALE 1.000000, 1.000000, 1.000000
X 1.000000, 0.000000, 0.000000
Y 0.000000, 0.981435, 0.191800
Z 0.000000, -0.191800, 0.981435

BONE 15
OFFSET -76.133873, 0.000000, 43.109917
SCALE 1.000000, 1.000000, 1.000000
X 1.000000, 0.000000, 0.000000
Y 0.000000, 1.000000, 0.000000
Z 0.000000, 0.000000, 1.000000

BONE 16
OFFSET 41.441971, -0.000002, 43.864056
SCALE 1.000000, 1.000000, 1.000000
X 1.000000, 0.000000, 0.000000
Y 0.000000, 1.000000, 0.000000
Z 0.000000, 0.000000, 1.000000

BONE 17
OFFSET -43.118462, 33.220467, 42.891972
SCALE 1.000000, 1.000000, 1.000000
X 1.000000, 0.000000, 0.000000
Y 0.000000, 1.000000, 0.000000
Z 0.000000, 0.000000, 1.000000

BONE 18
OFFSET -43.118462, -33.220474, 42.891972
SCALE 1.000000, 1.000000, 1.000000
X 1.000000, 0.000000, 0.000000
Y 0.000000, 1.000000, 0.000000
Z 0.000000, 0.000000, 1.000000

BONE 19
OFFSET 43.552307, -0.000002, 43.739597
SCALE 1.000000, 1.000000, 1.000000
X 1.000000, 0.000000, 0.000000
Y 0.000000, 1.000000, 0.000000
Z 0.000000, 0.000000, 1.000000

BONE 20
OFFSET -113.054741, 34.382946, 33.430000
SCALE 1.000000, 1.000000, 1.000000
X 1.000000, 0.000000, 0.000000
Y 0.000000, 1.000000, 0.000000
Z 0.000000, 0.000000, 1.000000

BONE 21
OFFSET 91.786812, 30.479830, 34.732861
SCALE 1.000000, 1.000000, 1.000000
X 1.000000, 0.000000, 0.000000
Y 0.000000, 1.000000, 0.000000
Z 0.000000, 0.000000, 1.000000

BONE 22
OFFSET -113.054741, -34.379139, 33.430000
SCALE 1.000000, 1.000000, 1.000000
X 1.000000, 0.000000, 0.000000
Y 0.000000, 1.000000, 0.000000
Z 0.000000, 0.000000, 1.000000

BONE 23
OFFSET 91.786812, -30.479839, 34.732861
SCALE 1.000000, 1.000000, 1.000000
X 1.000000, 0.000000, 0.000000
Y 0.000000, 1.000000, 0.000000
Z 0.000000, 0.000000, 1.000000

BONE 24
OFFSET -76.997223, -0.000002, 42.577328
SCALE 1.000000, 1.000000, 1.000000
X 1.000000, 0.000000, 0.000000
Y 0.000000, 1.000000, 0.000000
Z 0.000000, 0.000000, 1.000000

BONE 25
OFFSET -63.130180, 29.000000, 13.893404
SCALE 1.000000, 1.000000, 1.000000
X 1.000000, 0.000000, 0.000000
Y 0.000000, 1.000000, 0.000000
Z 0.000000, 0.000000, 1.000000

BONE 26
OFFSET -63.130180, -29.000000, 13.893404
SCALE 1.000000, 1.000000, 1.000000
X 1.000000, 0.000000, 0.000000
Y 0.000000, 1.000000, 0.000000
Z 0.000000, 0.000000, 1.000000

BONE 27
OFFSET 66.936256, 29.000000, 13.893404
SCALE 1.000000, 1.000000, 1.000000
X 1.000000, 0.000000, 0.000000
Y 0.000000, 1.000000, 0.000000
Z 0.000000, 0.000000, 1.000000

BONE 28
OFFSET 66.936256, -29.000000, 13.893404
SCALE 1.000000, 1.000000, 1.000000
X 1.000000, 0.000000, 0.000000
Y 0.000000, 1.000000, 0.000000
Z 0.000000, 0.000000, 1.000000

BONE 29
OFFSET -114.494057, 34.064632, 34.732864
SCALE 1.000000, 1.000000, 1.000000
X -1.000000, 0.000000, 0.000000
Y 0.000000, -1.000000, 0.000000
Z 0.000000, 0.000000, 1.000000

BONE 30
OFFSET -114.494057, -34.064568, 34.732864
SCALE 1.000000, 1.000000, 1.000000
X -1.000000, 0.000000, 0.000000
Y 0.000000, -1.000000, 0.000000
Z 0.000000, 0.000000, 1.000000

BONE 31
OFFSET -116.997658, -0.000002, 21.218594
SCALE 1.000000, 1.000000, 1.000000
X 1.000000, 0.000000, 0.000000
Y 0.000000, 1.000000, 0.000000
Z 0.000000, 0.000000, 1.000000

BONE 32
OFFSET 99.346001, -0.000002, 19.429152
SCALE 1.000000, 1.000000, 1.000000
X 1.000000, 0.000000, 0.000000
Y 0.000000, 1.000000, 0.000000
Z 0.000000, 0.000000, 1.000000

BONE 33
OFFSET 0.000000, 0.000000, 10.059114
SCALE 1.000000, 1.000000, 1.000000
X 1.000000, 0.000000, 0.000000
Y 0.000000, 1.000000, 0.000000
Z 0.000000, 0.000000, 1.000000

BONE 34
OFFSET -5.130150, 37.686123, 22.629055
SCALE 1.000000, 1.000000, 1.000000
X 0.989027, -0.147732, 0.000025
Y 0.147471, 0.987266, -0.059646
Z 0.008787, 0.058995, 0.998220

BONE 35
OFFSET 33.042561, 37.181198, 23.636406
SCALE 1.000000, 1.000000, 1.000000
X 0.992960, -0.118446, -0.000000
Y 0.118446, 0.992960, 0.000000
Z 0.000000, -0.000000, 1.000000

BONE 36
OFFSET -5.130150, -37.686123, 27.621923
SCALE 1.000000, 1.000000, 1.000000
X 0.986998, 0.160733, 0.000000
Y -0.160733, 0.986998, 0.000000
Z 0.000000, 0.000000, 1.000000

BONE 37
OFFSET 32.007786, -33.969547, 27.387093
SCALE 1.000000, 1.000000, 1.000000
X 0.969600, 0.242961, 0.029084
Y -0.243063, 0.970011, -0.000022
Z -0.028217, -0.007048, 0.999577

BONE 38
OFFSET 11.258062, 18.230141, 21.751913
SCALE 1.000000, 1.000000, 1.000000
X 1.000000, 0.000000, 0.000000
Y 0.000000, 1.000000, 0.000000
Z 0.000000, 0.000000, 1.000000

BONE 39
OFFSET -117.549919, 34.211811, 17.373898
SCALE 1.000000, 1.000000, 1.000000
X -1.000000, 0.000000, 0.000000
Y 0.000000, -1.000000, 0.000000
Z 0.000000, 0.000000, 1.000000

BONE 40
OFFSET -117.549919, -34.211842, 17.373898
SCALE 1.000000, 1.000000, 1.000000
X -1.000000, 0.000000, 0.000000
Y 0.000000, -1.000000, 0.000000
Z 0.000000, 0.000000, 1.000000

BONE 41
OFFSET 90.167053, 0.000006, 11.965942
SCALE 1.000000, 1.000000, 1.000000
X 1.000000, 0.000000, 0.000000
Y 0.000000, 1.000000, 0.000000
Z 0.000000, 0.000000, 1.000000

BONE 42
OFFSET 67.009453, 29.061520, 28.144468
SCALE 1.000000, 1.000000, 1.000000
X -0.000020, 1.000000, 0.000000
Y -1.000000, -0.000020, 0.000000
Z 0.000000, 0.000000, 1.000000

BONE 43
OFFSET 67.009453, -29.061033, 28.144468
SCALE 1.000000, 1.000000, 1.000000
X -0.000020, -1.000000, -0.000000
Y 1.000000, -0.000020, 0.000000
Z 0.000000, -0.000000, 1.000000

BONE 44
OFFSET -76.133873, 0.000000, 43.109917
SCALE 1.000000, 1.000000, 1.000000
X 1.000000, 0.000000, 0.000000
Y 0.000000, 1.000000, 0.000000
Z 0.000000, 0.000000, 1.000000

BONE 45
OFFSET -70.104637, 0.000006, 49.301212
SCALE 1.000000, 1.000000, 1.000000
X 1.000000, 0.000000, 0.000000
Y 0.000000, 1.000000, 0.000000
Z 0.000000, 0.000000, 1.000000

BONE 46
OFFSET 41.441971, -0.000002, 43.864056
SCALE 1.000000, 1.000000, 1.000000
X 1.000000, 0.000000, 0.000000
Y 0.000000, 1.000000, 0.000000
Z 0.000000, 0.000000, 1.000000

BONE 47
OFFSET 26.609669, 0.000006, 44.379612
SCALE 1.000000, 1.000000, 1.000000
X 1.000000, 0.000000, 0.000000
Y 0.000000, 1.000000, 0.000000
Z 0.000000, 0.000000, 1.000000

BONE 48
OFFSET -43.118462, 33.220467, 42.891972
SCALE 1.000000, 1.000000, 1.000000
X 1.000000, 0.000000, 0.000000
Y 0.000000, 1.000000, 0.000000
Z 0.000000, 0.000000, 1.000000

BONE 49
OFFSET -43.118462, -33.220474, 42.891972
SCALE 1.000000, 1.000000, 1.000000
X 1.000000, 0.000000, 0.000000
Y 0.000000, 1.000000, 0.000000
Z 0.000000, 0.000000, 1.000000

BONE 50
OFFSET 91.786812, 30.479830, 34.732861
SCALE 1.000000, 1.000000, 1.000000
X 1.000000, 0.000000, 0.000000
Y 0.000000, 1.000000, 0.000000
Z 0.000000, 0.000000, 1.000000

BONE 51
OFFSET 91.786812, -30.479839, 34.732861
SCALE 1.000000, 1.000000, 1.000000
X 1.000000, 0.000000, 0.000000
Y 0.000000, 1.000000, 0.000000
Z 0.000000, 0.000000, 1.000000

BONE 52
OFFSET 43.552307, -0.000002, 43.739597
SCALE 1.000000, 1.000000, 1.000000
X 1.000000, 0.000000, 0.000000
Y 0.000000, 1.000000, 0.000000
Z 0.000000, 0.000000, 1.000000

BONE 53
OFFSET 81.678886, 0.000006, 27.177242
SCALE 1.000000, 1.000000, 1.000000
X 1.000000, 0.000000, 0.000000
Y 0.000000, 1.000000, 0.000000
Z 0.000000, 0.000000, 1.000000

BONE 54
OFFSET -113.054741, 34.382946, 33.430000
SCALE 1.000000, 1.000000, 1.000000
X 1.000000, 0.000000, 0.000000
Y 0.000000, 1.000000, 0.000000
Z 0.000000, 0.000000, 1.000000

BONE 55
OFFSET 91.786812, 30.479830, 34.732861
SCALE 1.000000, 1.000000, 1.000000
X 1.000000, 0.000000, 0.000000
Y 0.000000, 1.000000, 0.000000
Z 0.000000, 0.000000, 1.000000

BONE 56
OFFSET -113.054741, -34.379139, 33.430000
SCALE 1.000000, 1.000000, 1.000000
X 1.000000, 0.000000, 0.000000
Y 0.000000, 1.000000, 0.000000
Z 0.000000, 0.000000, 1.000000

BONE 57
OFFSET 91.786812, -30.479839, 34.732861
SCALE 1.000000, 1.000000, 1.000000
X 1.000000, 0.000000, 0.000000
Y 0.000000, 1.000000, 0.000000
Z 0.000000, 0.000000, 1.000000

BONE 58
OFFSET 91.924126, 30.852325, 24.249184
SCALE 1.000000, 1.000000, 1.000000
X 1.000000, 0.000000, 0.000000
Y 0.000000, 1.000000, 0.000000
Z 0.000000, 0.000000, 1.000000

BONE 59
OFFSET 91.924126, -30.852325, 24.249184
SCALE 1.000000, 1.000000, 1.000000
X 1.000000, 0.000000, 0.000000
Y 0.000000, 1.000000, 0.000000
Z 0.000000, 0.000000, 1.000000

BONE 60
OFFSET 11.255403, -24.989491, 21.752977
SCALE 1.000000, 1.000000, 1.000000
X 1.000000, 0.000000, 0.000000
Y 0.000000, 1.000000, 0.000000
Z 0.000000, 0.000000, 1.000000

BONE 61
OFFSET -31.551746, 13.747885, 23.128767
SCALE 1.000000, 1.000000, 1.000000
X 1.000000, 0.000000, 0.000000
Y 0.000000, 1.000000, 0.000000
Z 0.000000, 0.000000, 1.000000

BONE 62
OFFSET -31.551746, -26.716858, 23.128767
SCALE 1.000000, 1.000000, 1.000000
X 1.000000, 0.000000, 0.000000
Y 0.000000, 1.000000, 0.000000
Z 0.000000, 0.000000, 1.000000

BONE 63
OFFSET -76.997223, -0.000002, 42.577328
SCALE 1.000000, 1.000000, 1.000000
X 1.000000, 0.000000, 0.000000
Y 0.000000, 1.000000, 0.000000
Z 0.000000, 0.000000, 1.000000

BONE 64
OFFSET -5.130150, 37.686123, 22.629055
SCALE 1.000000, 1.000000, 1.000000
X 0.989027, -0.147732, 0.000025
Y 0.147471, 0.987266, -0.059646
Z 0.008787, 0.058995, 0.998220

BONE 65
OFFSET -5.130150, 37.686123, 22.629055
SCALE 1.000000, 1.000000, 1.000000
X 0.989027, -0.147732, 0.000025
Y 0.147471, 0.987266, -0.059646
Z 0.008787, 0.058995, 0.998220

BONE 66
OFFSET 33.041752, 37.174389, 23.636398
SCALE 1.000000, 1.000000, 1.000000
X 0.992960, -0.118446, -0.000000
Y 0.118446, 0.992960, 0.000000
Z 0.000000, -0.000000, 1.000000

BONE 67
OFFSET 33.041752, 37.174389, 23.636398
SCALE 1.000000, 1.000000, 1.000000
X 0.992960, -0.118446, -0.000000
Y 0.118446, 0.992960, 0.000000
Z 0.000000, -0.000000, 1.000000

BONE 68
OFFSET -5.130149, -37.686123, 27.621923
SCALE 1.000000, 1.000000, 1.000000
X 0.986998, 0.160733, 0.000000
Y -0.160733, 0.986998, 0.000000
Z 0.000000, 0.000000, 1.000000

BONE 69
OFFSET -5.130149, -37.686123, 27.621923
SCALE 1.000000, 1.000000, 1.000000
X 0.986998, 0.160733, 0.000000
Y -0.160733, 0.986998, 0.000000
Z 0.000000, 0.000000, 1.000000

BONE 70
OFFSET 32.007805, -33.969597, 27.387081
SCALE 1.000000, 1.000000, 1.000000
X 0.969600, 0.242961, 0.029084
Y -0.243063, 0.970011, -0.000022
Z -0.028217, -0.007048, 0.999577

BONE 71
OFFSET 32.007805, -33.969597, 27.387081
SCALE 1.000000, 1.000000, 1.000000
X 0.969600, 0.242961, 0.029084
Y -0.243063, 0.970011, -0.000022
Z -0.028217, -0.007048, 0.999577

BONE 72
OFFSET -8.900586, 34.919888, 35.072620
SCALE 1.000000, 1.000000, 1.000000
X 0.989027, -0.147732, 0.000025
Y 0.147471, 0.987266, -0.059646
Z 0.008787, 0.058995, 0.998220

BONE 73
OFFSET -8.900586, 34.919888, 35.072620
SCALE 1.000000, 1.000000, 1.000000
X 0.989027, -0.147732, 0.000025
Y 0.147471, 0.987266, -0.059646
Z 0.008787, 0.058995, 0.998220

BONE 74
OFFSET -18.827137, 34.863953, 39.653137
SCALE 1.000000, 1.000000, 1.000000
X 0.989027, -0.147732, 0.000025
Y 0.147471, 0.987266, -0.059646
Z 0.008787, 0.058995, 0.998220

BONE 75
OFFSET 13.978230, 35.227222, 35.793045
SCALE 1.000000, 1.000000, 1.000000
X 0.992960, -0.118446, -0.000000
Y 0.118446, 0.992960, 0.000000
Z 0.000000, -0.000000, 1.000000

BONE 76
OFFSET 13.978230, 35.227222, 35.793045
SCALE 1.000000, 1.000000, 1.000000
X 0.992960, -0.118446, -0.000000
Y 0.118446, 0.992960, 0.000000
Z 0.000000, -0.000000, 1.000000

BONE 77
OFFSET 5.063020, 34.648983, 40.809895
SCALE 1.000000, 1.000000, 1.000000
X 0.992960, -0.118446, -0.000000
Y 0.118446, 0.992960, 0.000000
Z 0.000000, -0.000000, 1.000000

BONE 78
OFFSET -9.054699, -34.242897, 39.847000
SCALE 1.000000, 1.000000, 1.000000
X 0.986998, 0.160733, 0.000000
Y -0.160733, 0.986998, 0.000000
Z 0.000000, 0.000000, 1.000000

BONE 79
OFFSET -9.054699, -34.242897, 39.847000
SCALE 1.000000, 1.000000, 1.000000
X 0.986998, 0.160733, 0.000000
Y -0.160733, 0.986998, 0.000000
Z 0.000000, 0.000000, 1.000000

BONE 80
OFFSET -19.345774, -33.793106, 44.328831
SCALE 1.000000, 1.000000, 1.000000
X 0.986998, 0.160733, 0.000000
Y -0.160733, 0.986998, 0.000000
Z 0.000000, 0.000000, 1.000000

BONE 81
OFFSET 12.514063, -34.525829, 38.994667
SCALE 1.000000, 1.000000, 1.000000
X 0.969600, 0.242961, 0.029084
Y -0.243063, 0.970011, -0.000022
Z -0.028217, -0.007048, 0.999577

BONE 82
OFFSET 12.514063, -34.525829, 38.994667
SCALE 1.000000, 1.000000, 1.000000
X 0.969600, 0.242961, 0.029084
Y -0.243063, 0.970011, -0.000022
Z -0.028217, -0.007048, 0.999577

BONE 83
OFFSET 3.386716, -34.824188, 43.753880
SCALE 1.000000, 1.000000, 1.000000
X 0.969600, 0.242961, 0.029084
Y -0.243063, 0.970011, -0.000022
Z -0.028217, -0.007048, 0.999577

BONE 84
OFFSET 25.880630, 37.158993, 39.053490
SCALE 1.000000, 1.000000, 1.000000
X 0.992960, -0.118446, -0.000000
Y 0.118446, 0.992960, 0.000000
Z 0.000000, -0.000000, 1.000000

BONE 85
OFFSET 25.880630, 37.158993, 39.053490
SCALE 1.000000, 1.000000, 1.000000
X 0.992960, -0.118446, -0.000000
Y 0.118446, 0.992960, 0.000000
Z 0.000000, -0.000000, 1.000000

BONE 86
OFFSET 24.468441, -34.961121, 42.590885
SCALE 1.000000, 1.000000, 1.000000
X 0.969600, 0.242961, 0.029084
Y -0.243063, 0.970011, -0.000022
Z -0.028217, -0.007048, 0.999577

BONE 87
OFFSET 24.468441, -34.961121, 42.590885
SCALE 1.000000, 1.000000, 1.000000
X 0.969600, 0.242961, 0.029084
Y -0.243063, 0.970011, -0.000022
Z -0.028217, -0.007048, 0.999577

NUMVERTS 1572
VERT 0
OFFSET 36.085850, 32.932911, 35.840237
BONES 1
BONE 3 1.000000

VERT 1
OFFSET 27.222275, 35.474953, 37.026794
BONES 1
BONE 3 1.000000

VERT 2
OFFSET 26.065832, 34.159557, 35.281326
BONES 1
BONE 3 1.000000

VERT 3
OFFSET 36.161854, 29.643459, 36.480259
BONES 1
BONE 3 1.000000

VERT 4
OFFSET 26.631039, 33.760643, 36.634392
BONES 1
BONE 3 1.000000

VERT 5
OFFSET 27.222275, 35.474953, 37.026794
BONES 1
BONE 3 1.000000

VERT 6
OFFSET 36.085850, 32.932911, 35.840237
BONES 1
BONE 3 1.000000

VERT 7
OFFSET 36.161854, 29.643459, 36.480259
BONES 1
BONE 3 1.000000

VERT 8
OFFSET 93.202957, 28.327162, 34.218979
BONES 1
BONE 3 1.000000

VERT 9
OFFSET 93.810059, 32.564140, 35.414463
BONES 1
BONE 3 1.000000

VERT 10
OFFSET 93.160980, 36.472103, 33.071526
BONES 1
BONE 3 1.000000

VERT 11
OFFSET 29.649937, 37.670635, 33.891022
BONES 1
BONE 3 1.000000

VERT 12
OFFSET 26.065832, 34.159557, 35.281326
BONES 1
BONE 3 1.000000

VERT 13
OFFSET 92.282074, 27.686487, 30.728315
BONES 1
BONE 3 1.000000

VERT 14
OFFSET 42.037514, 2.298365, 40.077705
BONES 1
BONE 3 1.000000

VERT 15
OFFSET 90.851936, 25.955204, 34.001808
BONES 1
BONE 3 1.000000

VERT 16
OFFSET 92.978790, 1.964925, 36.438122
BONES 1
BONE 3 1.000000

VERT 17
OFFSET 95.476913, 26.526468, 31.100794
BONES 1
BONE 3 1.000000

VERT 18
OFFSET 98.045845, 16.153530, 30.063499
BONES 1
BONE 3 1.000000

VERT 19
OFFSET 98.465912, 1.454348, 27.612064
BONES 1
BONE 3 1.000000

VERT 20
OFFSET 36.161854, 29.643459, 36.480259
BONES 1
BONE 3 1.000000

VERT 21
OFFSET 27.956991, 32.201382, 4.235713
BONES 1
BONE 3 1.000000

VERT 22
OFFSET 26.065832, 34.159557, 35.281326
BONES 1
BONE 3 1.000000

VERT 23
OFFSET 26.631039, 33.760643, 36.634392
BONES 1
BONE 3 1.000000

VERT 24
OFFSET 36.161854, 29.643459, 36.480259
BONES 1
BONE 3 1.000000

VERT 25
OFFSET 42.037514, 2.298365, 40.077705
BONES 1
BONE 3 1.000000

VERT 26
OFFSET 27.956991, 32.201382, 4.235713
BONES 1
BONE 3 1.000000

VERT 27
OFFSET 27.956991, -32.210381, 8.645441
BONES 1
BONE 3 1.000000

VERT 28
OFFSET 31.147055, 36.293793, 2.222904
BONES 1
BONE 3 1.000000

VERT 29
OFFSET 31.586550, 38.965939, 29.039179
BONES 1
BONE 3 1.000000

VERT 30
OFFSET 26.065832, 34.159557, 35.281326
BONES 1
BONE 3 1.000000

VERT 31
OFFSET 29.649937, 37.670635, 33.891022
BONES 1
BONE 3 1.000000

VERT 32
OFFSET -39.181656, 31.572624, 4.278759
BONES 1
BONE 3 1.000000

VERT 33
OFFSET -60.065952, 33.877991, 35.482487
BONES 1
BONE 3 1.000000

VERT 34
OFFSET -41.796139, 33.492039, 35.535080
BONES 1
BONE 3 1.000000

VERT 35
OFFSET -38.838867, 33.709511, 35.388924
BONES 1
BONE 3 1.000000

VERT 36
OFFSET -39.181656, 31.572624, 4.278759
BONES 1
BONE 3 1.000000

VERT 37
OFFSET -38.838867, 35.464909, 35.199448
BONES 1
BONE 3 1.000000

VERT 38
OFFSET -39.198990, 36.936123, 2.206501
BONES 1
BONE 3 1.000000

VERT 39
OFFSET -39.322372, 40.030949, 16.704832
BONES 1
BONE 3 1.000000

VERT 40
OFFSET -39.307190, 39.058384, 29.112925
BONES 1
BONE 3 1.000000

VERT 41
OFFSET -39.320415, 40.828571, 28.550554
BONES 1
BONE 3 1.000000

VERT 42
OFFSET -39.166775, 38.276142, 33.666218
BONES 1
BONE 3 1.000000

VERT 43
OFFSET -60.065952, 33.877991, 35.482487
BONES 1
BONE 3 1.000000

VERT 44
OFFSET -60.065952, -29.617989, 39.679333
BONES 1
BONE 3 1.000000

VERT 45
OFFSET -39.181656, -31.581621, 8.602392
BONES 1
BONE 3 1.000000

VERT 46
OFFSET -102.318047, 32.972828, 32.825462
BONES 1
BONE 3 1.000000

VERT 47
OFFSET -108.268776, 32.602535, 21.819719
BONES 1
BONE 3 1.000000

VERT 48
OFFSET -115.787498, 34.157639, 33.145699
BONES 1
BONE 3 1.000000

VERT 49
OFFSET -108.268776, 32.602535, 21.819719
BONES 1
BONE 3 1.000000

VERT 50
OFFSET -116.077324, 34.623436, 33.395111
BONES 1
BONE 3 1.000000

VERT 51
OFFSET -115.787498, 34.157639, 33.145699
BONES 1
BONE 3 1.000000

VERT 52
OFFSET -109.936150, 31.778198, 14.429194
BONES 1
BONE 3 1.000000

VERT 53
OFFSET -114.113106, 16.026802, 23.408617
BONES 1
BONE 3 1.000000

VERT 54
OFFSET -106.205269, 14.400662, 31.167011
BONES 1
BONE 3 1.000000

VERT 55
OFFSET -102.318047, 32.972828, 32.825462
BONES 1
BONE 3 1.000000

VERT 56
OFFSET -114.570740, 0.688137, 16.557663
BONES 1
BONE 3 1.000000

VERT 57
OFFSET -108.335541, 29.207474, 8.102143
BONES 1
BONE 3 1.000000

VERT 58
OFFSET -106.966621, -35.912952, 12.560385
BONES 1
BONE 3 1.000000

VERT 59
OFFSET -115.066757, 1.258423, 24.824265
BONES 1
BONE 3 1.000000

VERT 60
OFFSET -110.292473, 1.265556, 34.212090
BONES 1
BONE 3 1.000000

VERT 61
OFFSET -76.272644, 2.223886, 37.166576
BONES 1
BONE 3 1.000000

VERT 62
OFFSET -69.897598, 33.829514, 36.590733
BONES 1
BONE 3 1.000000

VERT 63
OFFSET -70.127899, 35.177570, 34.924282
BONES 1
BONE 3 1.000000

VERT 64
OFFSET -62.540600, 32.828201, 42.876633
BONES 1
BONE 3 1.000000

VERT 65
OFFSET -64.402893, 31.752180, 42.578232
BONES 1
BONE 3 1.000000

VERT 66
OFFSET -63.705956, 29.993382, 45.050301
BONES 1
BONE 3 1.000000

VERT 67
OFFSET -53.590599, 30.913080, 49.790253
BONES 1
BONE 3 1.000000

VERT 68
OFFSET -64.863495, 21.300940, 48.294453
BONES 1
BONE 3 1.000000

VERT 69
OFFSET -48.819763, 21.773079, 53.823280
BONES 1
BONE 3 1.000000

VERT 70
OFFSET -49.013424, 3.010383, 55.624294
BONES 1
BONE 3 1.000000

VERT 71
OFFSET -42.311893, 30.733088, 51.361420
BONES 1
BONE 3 1.000000

VERT 72
OFFSET -66.355721, 3.010383, 50.576363
BONES 1
BONE 3 1.000000

VERT 73
OFFSET -6.337859, 30.421453, 47.848885
BONES 1
BONE 3 1.000000

VERT 74
OFFSET 25.216423, 21.502512, 46.805477
BONES 1
BONE 3 1.000000

VERT 75
OFFSET 17.272221, 30.248348, 45.706989
BONES 1
BONE 3 1.000000

VERT 76
OFFSET 22.521967, 31.185802, 43.833965
BONES 1
BONE 3 1.000000

VERT 77
OFFSET 26.722414, 2.992522, 50.458885
BONES 1
BONE 3 1.000000

VERT 78
OFFSET 26.250906, 35.864788, 40.071934
BONES 1
BONE 3 1.000000

VERT 79
OFFSET 24.940388, 34.597054, 39.005550
BONES 1
BONE 3 1.000000

VERT 80
OFFSET -117.398651, 35.578911, 33.239174
BONES 1
BONE 3 1.000000

VERT 81
OFFSET -115.945099, 36.493607, 33.387196
BONES 1
BONE 3 1.000000

VERT 82
OFFSET -116.077324, 34.623436, 33.395111
BONES 1
BONE 3 1.000000

VERT 83
OFFSET -110.140694, 33.239540, 23.197664
BONES 1
BONE 3 1.000000

VERT 84
OFFSET -108.268776, 32.602535, 21.819719
BONES 1
BONE 3 1.000000

VERT 85
OFFSET -112.350616, 32.757381, 14.344319
BONES 1
BONE 3 1.000000

VERT 86
OFFSET -109.936150, 31.778198, 14.429194
BONES 1
BONE 3 1.000000

VERT 87
OFFSET -112.350616, 32.757381, 14.344319
BONES 1
BONE 3 1.000000

VERT 88
OFFSET -110.904350, 37.332188, 14.038526
BONES 1
BONE 3 1.000000

VERT 89
OFFSET -110.140694, 33.239540, 23.197664
BONES 1
BONE 3 1.000000

VERT 90
OFFSET -116.077324, 34.623436, 33.395111
BONES 1
BONE 3 1.000000

VERT 91
OFFSET -109.958511, 37.948250, 22.877880
BONES 1
BONE 3 1.000000

VERT 92
OFFSET -117.398651, 35.578911, 33.239174
BONES 1
BONE 3 1.000000

VERT 93
OFFSET -107.493294, 39.084518, 21.833675
BONES 1
BONE 3 1.000000

VERT 94
OFFSET -115.945099, 36.493607, 33.387196
BONES 1
BONE 3 1.000000

VERT 95
OFFSET -41.806320, 35.247429, 35.345604
BONES 1
BONE 3 1.000000

VERT 96
OFFSET -40.452866, 31.722567, 48.724232
BONES 1
BONE 3 1.000000

VERT 97
OFFSET -41.796139, 33.492039, 35.535080
BONES 1
BONE 3 1.000000

VERT 98
OFFSET -41.796139, 33.492039, 35.535080
BONES 1
BONE 3 1.000000

VERT 99
OFFSET -40.452866, 31.722567, 48.724232
BONES 1
BONE 3 1.000000

VERT 100
OFFSET -38.838867, 33.709511, 35.388924
BONES 1
BONE 3 1.000000

VERT 101
OFFSET -36.794430, 30.325260, 50.235069
BONES 1
BONE 3 1.000000

VERT 102
OFFSET -38.838867, 33.709511, 35.388924
BONES 1
BONE 3 1.000000

VERT 103
OFFSET -38.838867, 35.464909, 35.199448
BONES 1
BONE 3 1.000000

VERT 104
OFFSET -36.821514, 31.290573, 50.488400
BONES 1
BONE 3 1.000000

VERT 105
OFFSET -36.794430, 30.325260, 50.235069
BONES 1
BONE 3 1.000000

VERT 106
OFFSET 25.216423, 21.502512, 46.805477
BONES 1
BONE 3 1.000000

VERT 107
OFFSET 22.521967, 31.185802, 43.833965
BONES 1
BONE 3 1.000000

VERT 108
OFFSET 16.547348, 29.733355, 44.557323
BONES 1
BONE 3 1.000000

VERT 109
OFFSET -36.794430, 30.325260, 50.235069
BONES 1
BONE 3 1.000000

VERT 110
OFFSET 16.547348, 29.733355, 44.557323
BONES 1
BONE 3 1.000000

VERT 111
OFFSET -6.172579, 30.003681, 46.254417
BONES 1
BONE 3 1.000000

VERT 112
OFFSET 26.722414, 2.992522, 50.458885
BONES 1
BONE 3 1.000000

VERT 113
OFFSET -36.794430, 30.325260, 50.235069
BONES 1
BONE 3 1.000000

VERT 114
OFFSET -66.355721, 3.010383, 50.576363
BONES 1
BONE 3 1.000000

VERT 115
OFFSET -64.863495, 21.300940, 48.294453
BONES 1
BONE 3 1.000000

VERT 116
OFFSET -63.705956, 29.993382, 45.050301
BONES 1
BONE 3 1.000000

VERT 117
OFFSET -51.783871, 31.456732, 46.780048
BONES 1
BONE 3 1.000000

VERT 118
OFFSET -40.452866, 31.722567, 48.724232
BONES 1
BONE 3 1.000000

VERT 119
OFFSET -64.402893, 31.752180, 42.578232
BONES 1
BONE 3 1.000000

VERT 120
OFFSET -59.287827, 33.190685, 41.399548
BONES 1
BONE 3 1.000000

VERT 121
OFFSET -63.488728, 34.591175, 37.215405
BONES 1
BONE 3 1.000000

VERT 122
OFFSET -69.897598, 33.829514, 36.590733
BONES 1
BONE 3 1.000000

VERT 123
OFFSET -60.065952, 33.877991, 35.482487
BONES 1
BONE 3 1.000000

VERT 124
OFFSET -63.488728, 34.591175, 37.215405
BONES 1
BONE 3 1.000000

VERT 125
OFFSET -60.130844, 35.472012, 35.304058
BONES 1
BONE 3 1.000000

VERT 126
OFFSET -60.065952, 33.877991, 35.482487
BONES 1
BONE 3 1.000000

VERT 127
OFFSET -63.523659, -26.093042, 20.936348
BONES 1
BONE 3 1.000000

VERT 128
OFFSET -76.603760, -37.271801, 17.641254
BONES 1
BONE 3 1.000000

VERT 129
OFFSET -55.493656, -37.847462, 17.351646
BONES 1
BONE 3 1.000000

VERT 130
OFFSET -63.523659, -26.093042, 20.936348
BONES 1
BONE 3 1.000000

VERT 131
OFFSET -47.093395, -37.800713, 13.445605
BONES 1
BONE 3 1.000000

VERT 132
OFFSET -83.481270, -24.613129, 9.455415
BONES 1
BONE 3 1.000000

VERT 133
OFFSET -83.492981, -36.081055, 10.246183
BONES 1
BONE 3 1.000000

VERT 134
OFFSET -45.069527, -24.876266, 5.611900
BONES 1
BONE 3 1.000000

VERT 135
OFFSET -45.069527, -34.927162, 6.300002
BONES 1
BONE 3 1.000000

VERT 136
OFFSET 41.643856, -34.424492, 6.219956
BONES 1
BONE 3 1.000000

VERT 137
OFFSET 44.521820, -24.868023, 5.732227
BONES 1
BONE 3 1.000000

VERT 138
OFFSET 44.501511, -36.199814, 6.973749
BONES 1
BONE 3 1.000000

VERT 139
OFFSET 58.007164, -36.148319, 25.795805
BONES 1
BONE 3 1.000000

VERT 140
OFFSET 70.665352, -24.630733, 19.724730
BONES 1
BONE 3 1.000000

VERT 141
OFFSET 75.554947, -35.613136, 26.063570
BONES 1
BONE 3 1.000000

VERT 142
OFFSET 80.174721, -36.006336, 19.699860
BONES 1
BONE 3 1.000000

VERT 143
OFFSET 83.796738, -25.117727, 10.804192
BONES 1
BONE 3 1.000000

VERT 144
OFFSET 81.656960, -35.464764, 13.025182
BONES 1
BONE 3 1.000000

VERT 145
OFFSET 91.382965, -32.101044, 13.209406
BONES 1
BONE 3 1.000000

VERT 146
OFFSET 94.198059, -0.000002, 11.011724
BONES 1
BONE 3 1.000000

VERT 147
OFFSET 83.796738, -25.117727, 10.804192
BONES 1
BONE 3 1.000000

VERT 148
OFFSET -45.140942, -37.058510, 7.335724
BONES 1
BONE 3 1.000000

VERT 149
OFFSET -106.966621, -35.912952, 12.560385
BONES 1
BONE 3 1.000000

VERT 150
OFFSET -117.349220, -31.548101, 38.108265
BONES 1
BONE 3 1.000000

VERT 151
OFFSET -116.063721, -30.717112, 38.000458
BONES 1
BONE 3 1.000000

VERT 152
OFFSET -115.785660, -32.247982, 38.190872
BONES 1
BONE 3 1.000000

VERT 153
OFFSET -101.729408, -29.677797, 37.318951
BONES 1
BONE 3 1.000000

VERT 154
OFFSET -115.787498, -30.005594, 37.443512
BONES 1
BONE 3 1.000000

VERT 155
OFFSET -108.680573, -30.211348, 26.120052
BONES 1
BONE 3 1.000000

VERT 156
OFFSET -116.063721, -30.717112, 38.000458
BONES 1
BONE 3 1.000000

VERT 157
OFFSET -108.680573, -30.211348, 26.120052
BONES 1
BONE 3 1.000000

VERT 158
OFFSET -115.787498, -30.005594, 37.443512
BONES 1
BONE 3 1.000000

VERT 159
OFFSET -112.153046, -17.596567, 29.804686
BONES 1
BONE 3 1.000000

VERT 160
OFFSET -106.109428, -16.029943, 36.168320
BONES 1
BONE 3 1.000000

VERT 161
OFFSET -109.354515, -30.401924, 18.686136
BONES 1
BONE 3 1.000000

VERT 162
OFFSET -101.729408, -29.677797, 37.318951
BONES 1
BONE 3 1.000000

VERT 163
OFFSET -110.292473, 1.265556, 34.212090
BONES 1
BONE 3 1.000000

VERT 164
OFFSET -69.897598, -29.461958, 40.586975
BONES 1
BONE 3 1.000000

VERT 165
OFFSET -76.272644, 2.223886, 37.166576
BONES 1
BONE 3 1.000000

VERT 166
OFFSET -115.066757, 1.258423, 24.824265
BONES 1
BONE 3 1.000000

VERT 167
OFFSET -114.570740, 0.688137, 16.557663
BONES 1
BONE 3 1.000000

VERT 168
OFFSET -70.127899, -30.972286, 39.451931
BONES 1
BONE 3 1.000000

VERT 169
OFFSET -62.540600, -27.486494, 46.278751
BONES 1
BONE 3 1.000000

VERT 170
OFFSET -64.402893, -26.552959, 46.031803
BONES 1
BONE 3 1.000000

VERT 171
OFFSET -63.672871, -24.559935, 48.054420
BONES 1
BONE 3 1.000000

VERT 172
OFFSET -53.590599, -24.100687, 51.108269
BONES 1
BONE 3 1.000000

VERT 173
OFFSET -64.863495, -15.498170, 50.186356
BONES 1
BONE 3 1.000000

VERT 174
OFFSET -49.013424, 3.010383, 55.624294
BONES 1
BONE 3 1.000000

VERT 175
OFFSET -42.311893, -22.854931, 53.005585
BONES 1
BONE 3 1.000000

VERT 176
OFFSET -6.493507, -12.720258, 56.934483
BONES 1
BONE 3 1.000000

VERT 177
OFFSET -6.337859, -21.561527, 55.466751
BONES 1
BONE 3 1.000000

VERT 178
OFFSET -66.355721, 3.010383, 50.576363
BONES 1
BONE 3 1.000000

VERT 179
OFFSET 16.583712, -22.844849, 53.333076
BONES 1
BONE 3 1.000000

VERT 180
OFFSET 26.722414, 2.992522, 50.458885
BONES 1
BONE 3 1.000000

VERT 181
OFFSET 25.067253, -14.657797, 52.334885
BONES 1
BONE 3 1.000000

VERT 182
OFFSET 20.853151, -24.126326, 50.316242
BONES 1
BONE 3 1.000000

VERT 183
OFFSET -39.166775, -34.016552, 38.806446
BONES 1
BONE 3 1.000000

VERT 184
OFFSET -39.322372, -38.323467, 22.041403
BONES 1
BONE 3 1.000000

VERT 185
OFFSET -39.307190, -36.264973, 34.414448
BONES 1
BONE 3 1.000000

VERT 186
OFFSET -39.307190, -36.264973, 34.414448
BONES 1
BONE 3 1.000000

VERT 187
OFFSET -39.322372, -38.323467, 22.041403
BONES 1
BONE 3 1.000000

VERT 188
OFFSET -39.320415, -37.787323, 33.528336
BONES 1
BONE 3 1.000000

VERT 189
OFFSET -39.198990, -36.974583, 7.210180
BONES 1
BONE 3 1.000000

VERT 190
OFFSET -38.838867, -31.206110, 39.748619
BONES 1
BONE 3 1.000000

VERT 191
OFFSET -39.166775, -34.016552, 38.806446
BONES 1
BONE 3 1.000000

VERT 192
OFFSET -39.181656, -31.581621, 8.602392
BONES 1
BONE 3 1.000000

VERT 193
OFFSET -38.838867, -29.412195, 39.669704
BONES 1
BONE 3 1.000000

VERT 194
OFFSET -39.181656, -31.581621, 8.602392
BONES 1
BONE 3 1.000000

VERT 195
OFFSET -42.250374, -29.394243, 39.705830
BONES 1
BONE 3 1.000000

VERT 196
OFFSET -60.065952, -29.617989, 39.679333
BONES 1
BONE 3 1.000000

VERT 197
OFFSET -115.785660, -32.247982, 38.190872
BONES 1
BONE 3 1.000000

VERT 198
OFFSET -113.051598, -34.576988, 34.276546
BONES 1
BONE 3 1.000000

VERT 199
OFFSET -107.493294, -36.781956, 27.008825
BONES 1
BONE 3 1.000000

VERT 200
OFFSET -116.085205, -32.647846, 38.679989
BONES 1
BONE 3 1.000000

VERT 201
OFFSET -115.785660, -32.247982, 38.190872
BONES 1
BONE 3 1.000000

VERT 202
OFFSET -116.490944, -30.835373, 38.642677
BONES 1
BONE 3 1.000000

VERT 203
OFFSET -116.063721, -30.717112, 38.000458
BONES 1
BONE 3 1.000000

VERT 204
OFFSET -115.787498, -30.005594, 37.443512
BONES 1
BONE 3 1.000000

VERT 205
OFFSET -107.493294, -36.781956, 27.008825
BONES 1
BONE 3 1.000000

VERT 206
OFFSET -113.051598, -34.576988, 34.276546
BONES 1
BONE 3 1.000000

VERT 207
OFFSET -111.801903, -35.742947, 32.842880
BONES 1
BONE 3 1.000000

VERT 208
OFFSET -63.120487, -30.256756, 41.522121
BONES 1
BONE 3 1.000000

VERT 209
OFFSET -60.065952, -29.617989, 39.679333
BONES 1
BONE 3 1.000000

VERT 210
OFFSET -60.130844, -31.219753, 39.773876
BONES 1
BONE 3 1.000000

VERT 211
OFFSET -112.333130, -36.613091, 19.046087
BONES 1
BONE 3 1.000000

VERT 212
OFFSET -109.354515, -30.401924, 18.686136
BONES 1
BONE 3 1.000000

VERT 213
OFFSET -112.564377, -31.392822, 18.736782
BONES 1
BONE 3 1.000000

VERT 214
OFFSET 27.956991, -32.210381, 8.645441
BONES 1
BONE 3 1.000000

VERT 215
OFFSET 36.161854, -25.281874, 40.480480
BONES 1
BONE 3 1.000000

VERT 216
OFFSET 26.320763, -31.021109, 39.751190
BONES 1
BONE 3 1.000000

VERT 217
OFFSET 42.037514, 2.298365, 40.077705
BONES 1
BONE 3 1.000000

VERT 218
OFFSET 27.956991, -32.210381, 8.645441
BONES 1
BONE 3 1.000000

VERT 219
OFFSET 31.147055, -37.434418, 7.193774
BONES 1
BONE 3 1.000000

VERT 220
OFFSET 31.586550, -35.668896, 34.094154
BONES 1
BONE 3 1.000000

VERT 221
OFFSET 26.320763, -31.021109, 39.751190
BONES 1
BONE 3 1.000000

VERT 222
OFFSET 29.918755, -33.587776, 38.970745
BONES 1
BONE 3 1.000000

VERT 223
OFFSET 92.175652, -22.988298, 26.171391
BONES 1
BONE 3 1.000000

VERT 224
OFFSET 94.470688, -20.600372, 29.246155
BONES 1
BONE 3 1.000000

VERT 225
OFFSET 91.872246, -21.742552, 28.119593
BONES 1
BONE 3 1.000000

VERT 226
OFFSET 91.248909, -23.646921, 16.604736
BONES 1
BONE 3 1.000000

VERT 227
OFFSET 90.198067, -23.042048, 17.192808
BONES 1
BONE 3 1.000000

VERT 228
OFFSET 94.317612, 0.564423, 14.750611
BONES 1
BONE 3 1.000000

VERT 229
OFFSET 94.857368, 0.644164, 15.915374
BONES 1
BONE 3 1.000000

VERT 230
OFFSET 94.198059, -0.000002, 11.011724
BONES 1
BONE 3 1.000000

VERT 231
OFFSET 91.382965, -32.101044, 13.209406
BONES 1
BONE 3 1.000000

VERT 232
OFFSET 90.627258, -34.845188, 17.274481
BONES 1
BONE 3 1.000000

VERT 233
OFFSET 90.965706, -34.580627, 26.123606
BONES 1
BONE 3 1.000000

VERT 234
OFFSET 92.175652, -22.988298, 26.171391
BONES 1
BONE 3 1.000000

VERT 235
OFFSET 91.872246, -21.742552, 28.119593
BONES 1
BONE 3 1.000000

VERT 236
OFFSET 85.573540, -28.916832, 34.857029
BONES 1
BONE 3 1.000000

VERT 237
OFFSET 91.889008, -23.888693, 33.314720
BONES 1
BONE 3 1.000000

VERT 238
OFFSET 93.577400, -24.669806, 38.002121
BONES 1
BONE 3 1.000000

VERT 239
OFFSET 94.152481, -28.364140, 39.400799
BONES 1
BONE 3 1.000000

VERT 240
OFFSET 93.487877, -32.186504, 38.178852
BONES 1
BONE 3 1.000000

VERT 241
OFFSET 94.470688, -20.600372, 29.246155
BONES 1
BONE 3 1.000000

VERT 242
OFFSET 97.271713, 1.405476, 26.744446
BONES 1
BONE 3 1.000000

VERT 243
OFFSET 98.465912, 1.454348, 27.612064
BONES 1
BONE 3 1.000000

VERT 244
OFFSET 92.012238, -33.571453, 33.952431
BONES 1
BONE 3 1.000000

VERT 245
OFFSET 85.573540, -28.916832, 34.857029
BONES 1
BONE 3 1.000000

VERT 246
OFFSET -40.526527, -24.393631, 50.189045
BONES 1
BONE 3 1.000000

VERT 247
OFFSET -40.587910, -24.110678, 50.138741
BONES 1
BONE 3 1.000000

VERT 248
OFFSET -51.783871, -24.888250, 48.559372
BONES 1
BONE 3 1.000000

VERT 249
OFFSET 27.222275, 35.474953, 37.026794
BONES 1
BONE 3 1.000000

VERT 250
OFFSET 26.631039, 33.760643, 36.634392
BONES 1
BONE 3 1.000000

VERT 251
OFFSET 26.065832, 34.159557, 35.281326
BONES 1
BONE 3 1.000000

VERT 252
OFFSET -36.821514, -23.375158, 52.679558
BONES 1
BONE 3 1.000000

VERT 253
OFFSET -64.863495, -15.498170, 50.186356
BONES 1
BONE 3 1.000000

VERT 254
OFFSET -40.587910, -24.110678, 50.138741
BONES 1
BONE 3 1.000000

VERT 255
OFFSET -64.863495, -15.498170, 50.186356
BONES 1
BONE 3 1.000000

VERT 256
OFFSET -63.672871, -24.559935, 48.054420
BONES 1
BONE 3 1.000000

VERT 257
OFFSET -51.783871, -24.888250, 48.559372
BONES 1
BONE 3 1.000000

VERT 258
OFFSET -59.287827, -28.151022, 44.816559
BONES 1
BONE 3 1.000000

VERT 259
OFFSET -64.402893, -26.552959, 46.031803
BONES 1
BONE 3 1.000000

VERT 260
OFFSET -63.120487, -30.256756, 41.522121
BONES 1
BONE 3 1.000000

VERT 261
OFFSET -69.897598, -29.461958, 40.586975
BONES 1
BONE 3 1.000000

VERT 262
OFFSET -60.065952, -29.617989, 39.679333
BONES 1
BONE 3 1.000000

VERT 263
OFFSET -36.821514, -23.375158, 52.679558
BONES 1
BONE 3 1.000000

VERT 264
OFFSET -66.355721, 3.010383, 50.576363
BONES 1
BONE 3 1.000000

VERT 265
OFFSET -6.211073, -22.273741, 54.442039
BONES 1
BONE 3 1.000000

VERT 266
OFFSET 26.722414, 2.992522, 50.458885
BONES 1
BONE 3 1.000000

VERT 267
OFFSET 15.844489, -22.766823, 52.024311
BONES 1
BONE 3 1.000000

VERT 268
OFFSET 25.067253, -14.657797, 52.334885
BONES 1
BONE 3 1.000000

VERT 269
OFFSET 20.853151, -24.126326, 50.316242
BONES 1
BONE 3 1.000000

VERT 270
OFFSET 36.161854, 29.643459, 36.480259
BONES 1
BONE 3 1.000000

VERT 271
OFFSET 92.282074, 27.686487, 30.728315
BONES 1
BONE 3 1.000000

VERT 272
OFFSET 90.851936, 25.955204, 34.001808
BONES 1
BONE 3 1.000000

VERT 273
OFFSET 92.282074, 27.686487, 30.728315
BONES 1
BONE 3 1.000000

VERT 274
OFFSET 93.461006, 24.971338, 25.301743
BONES 1
BONE 3 1.000000

VERT 275
OFFSET 95.476913, 26.526468, 31.100794
BONES 1
BONE 3 1.000000

VERT 276
OFFSET 98.045845, 16.153530, 30.063499
BONES 1
BONE 3 1.000000

VERT 277
OFFSET 98.465912, 1.454348, 27.612064
BONES 1
BONE 3 1.000000

VERT 278
OFFSET 92.282074, 27.686487, 30.728315
BONES 1
BONE 3 1.000000

VERT 279
OFFSET 92.175652, 25.453875, 22.854969
BONES 1
BONE 3 1.000000

VERT 280
OFFSET 93.461006, 24.971338, 25.301743
BONES 1
BONE 3 1.000000

VERT 281
OFFSET 24.940388, 34.597054, 39.005550
BONES 1
BONE 3 1.000000

VERT 282
OFFSET 26.250906, 35.864788, 40.071934
BONES 1
BONE 3 1.000000

VERT 283
OFFSET 24.045340, 35.022030, 39.051769
BONES 1
BONE 3 1.000000

VERT 284
OFFSET 26.250906, 35.864788, 40.071934
BONES 1
BONE 3 1.000000

VERT 285
OFFSET 24.926365, 37.842236, 39.182438
BONES 1
BONE 3 1.000000

VERT 286
OFFSET 24.045340, 35.022030, 39.051769
BONES 1
BONE 3 1.000000

VERT 287
OFFSET -6.211073, -22.273741, 54.442039
BONES 1
BONE 3 1.000000

VERT 288
OFFSET 16.100765, -23.920330, 52.048668
BONES 1
BONE 3 1.000000

VERT 289
OFFSET 15.844489, -22.766823, 52.024311
BONES 1
BONE 3 1.000000

VERT 290
OFFSET 15.844489, -22.766823, 52.024311
BONES 1
BONE 3 1.000000

VERT 291
