// Generated by Wraith - Game extraction tools
// Please credit DTZxPorter for using it!
MODEL
VERSION 6

NUMBONES 88
BONE 0 -1 "tag_origin"
BONE 1 0 "origin_animate_jnt"
BONE 2 1 "tag_body"
BONE 3 1 "tag_body_d"
BONE 4 1 "tag_wheel_back_left"
BONE 5 1 "tag_wheel_back_right"
BONE 6 1 "tag_wheel_front_left"
BONE 7 1 "tag_wheel_front_right"
BONE 8 2 "body_animate_jnt"
BONE 9 6 "left_wheel_01_jnt"
BONE 10 4 "left_wheel_02_jnt"
BONE 11 7 "right_wheel_01_jnt"
BONE 12 5 "right_wheel_02_jnt"
BONE 13 3 "tag_bumper_back_d"
BONE 14 3 "tag_bumper_front_d"
BONE 15 3 "tag_glass_back_d"
BONE 16 3 "tag_glass_front_d"
BONE 17 3 "tag_glass_side_left_d"
BONE 18 3 "tag_glass_side_right_d"
BONE 19 3 "tag_hood_d"
BONE 20 3 "tag_light_left_back_d"
BONE 21 3 "tag_light_left_front_d"
BONE 22 3 "tag_light_right_back_d"
BONE 23 3 "tag_light_right_front_d"
BONE 24 3 "tag_trunk_d"
BONE 25 4 "tag_wheel_back_left_d"
BONE 26 5 "tag_wheel_back_right_d"
BONE 27 6 "tag_wheel_front_left_d"
BONE 28 7 "tag_wheel_front_right_d"
BONE 29 8 "tag_brakelight_left"
BONE 30 8 "tag_brakelight_right"
BONE 31 8 "tag_bumper_back"
BONE 32 8 "tag_bumper_front"
BONE 33 8 "tag_death_fx"
BONE 34 8 "tag_door_left_back_parent"
BONE 35 8 "tag_door_left_front_parent"
BONE 36 8 "tag_door_right_back_parent"
BONE 37 8 "tag_door_right_front_parent"
BONE 38 8 "tag_driver"
BONE 39 8 "tag_exhaust_left"
BONE 40 8 "tag_exhaust_right"
BONE 41 8 "tag_fx_front"
BONE 42 8 "tag_fx_left"
BONE 43 8 "tag_fx_right"
BONE 44 8 "tag_glass_back"
BONE 45 8 "tag_glass_back_fx"
BONE 46 8 "tag_glass_front"
BONE 47 8 "tag_glass_front_fx"
BONE 48 8 "tag_glass_side_left"
BONE 49 8 "tag_glass_side_right"
BONE 50 8 "tag_headlight_left"
BONE 51 8 "tag_headlight_right"
BONE 52 8 "tag_hood"
BONE 53 8 "tag_hood_fx"
BONE 54 8 "tag_light_left_back"
BONE 55 8 "tag_light_left_front"
BONE 56 8 "tag_light_right_back"
BONE 57 8 "tag_light_right_front"
BONE 58 8 "tag_parkinglight_left_f"
BONE 59 8 "tag_parkinglight_right_f"
BONE 60 8 "tag_passenger"
BONE 61 8 "tag_passenger2"
BONE 62 8 "tag_passenger3"
BONE 63 8 "tag_trunk"
BONE 64 34 "tag_door_left_back"
BONE 65 34 "tag_door_left_back_d"
BONE 66 35 "tag_door_left_front"
BONE 67 35 "tag_door_left_front_d"
BONE 68 36 "tag_door_right_back"
BONE 69 36 "tag_door_right_back_d"
BONE 70 37 "tag_door_right_front"
BONE 71 37 "tag_door_right_front_d"
BONE 72 64 "tag_glass_left_back"
BONE 73 65 "tag_glass_left_back_d"
BONE 74 64 "tag_glass_left_back_fx"
BONE 75 66 "tag_glass_left_front"
BONE 76 67 "tag_glass_left_front_d"
BONE 77 66 "tag_glass_left_front_fx"
BONE 78 68 "tag_glass_right_back"
BONE 79 69 "tag_glass_right_back_d"
BONE 80 68 "tag_glass_right_back_fx"
BONE 81 70 "tag_glass_right_front"
BONE 82 71 "tag_glass_right_front_d"
BONE 83 70 "tag_glass_right_front_fx"
BONE 84 66 "tag_mirror_left"
BONE 85 67 "tag_mirror_left_d"
BONE 86 70 "tag_mirror_right"
BONE 87 71 "tag_mirror_right_d"

BONE 0
OFFSET 0.000000, 0.000000, 0.000000
SCALE 1.000000, 1.000000, 1.000000
X 1.000000, 0.000000, 0.000000
Y 0.000000, 1.000000, 0.000000
Z 0.000000, 0.000000, 1.000000

BONE 1
OFFSET 0.000000, 0.000000, 0.000000
SCALE 1.000000, 1.000000, 1.000000
X 1.000000, 0.000000, 0.000000
Y 0.000000, 1.000000, 0.000000
Z 0.000000, 0.000000, 1.000000

BONE 2
OFFSET 0.000000, 0.000000, 1.000000
SCALE 1.000000, 1.000000, 1.000000
X 1.000000, 0.000000, 0.000000
Y 0.000000, 1.000000, 0.000000
Z 0.000000, 0.000000, 1.000000

BONE 3
OFFSET 0.000000, 0.000000, 0.000000
SCALE 1.000000, 1.000000, 1.000000
X 1.000000, 0.000000, 0.000000
Y 0.000000, 1.000000, 0.000000
Z 0.000000, 0.000000, 1.000000

BONE 4
OFFSET -63.130180, 29.000000, 0.000000
SCALE 1.000000, 1.000000, 1.000000
X 1.000000, 0.000000, 0.000000
Y 0.000000, 1.000000, 0.000000
Z 0.000000, 0.000000, 1.000000

BONE 5
OFFSET -63.130180, -29.000000, 0.000000
SCALE 1.000000, 1.000000, 1.000000
X 1.000000, 0.000000, 0.000000
Y 0.000000, 1.000000, 0.000000
Z 0.000000, 0.000000, 1.000000

BONE 6
OFFSET 66.936256, 29.000000, 0.000000
SCALE 1.000000, 1.000000, 1.000000
X 1.000000, 0.000000, 0.000000
Y 0.000000, 1.000000, 0.000000
Z 0.000000, 0.000000, 1.000000

BONE 7
OFFSET 66.936256, -29.000000, 0.000003
SCALE 1.000000, 1.000000, 1.000000
X 1.000000, 0.000000, 0.000000
Y 0.000000, 1.000000, 0.000000
Z 0.000000, 0.000000, 1.000000

BONE 8
OFFSET 0.000000, 0.000000, 1.000000
SCALE 1.000000, 1.000000, 1.000000
X 1.000000, 0.000000, 0.000000
Y 0.000000, 1.000000, 0.000000
Z 0.000000, 0.000000, 1.000000

BONE 9
OFFSET 66.936256, 29.000000, 13.893404
SCALE 1.000000, 1.000000, 1.000000
X 1.000000, 0.000000, 0.000000
Y 0.000000, 1.000000, 0.000000
Z 0.000000, 0.000000, 1.000000

BONE 10
OFFSET -63.130180, 29.000000, 13.893404
SCALE 1.000000, 1.000000, 1.000000
X 1.000000, 0.000000, 0.000000
Y 0.000000, 1.000000, 0.000000
Z 0.000000, 0.000000, 1.000000

BONE 11
OFFSET 66.936256, -29.000000, 13.893404
SCALE 1.000000, 1.000000, 1.000000
X 1.000000, 0.000000, 0.000000
Y 0.000000, 1.000000, 0.000000
Z 0.000000, 0.000000, 1.000000

BONE 12
OFFSET -63.130180, -29.000000, 13.893404
SCALE 1.000000, 1.000000, 1.000000
X 1.000000, 0.000000, 0.000000
Y 0.000000, 1.000000, 0.000000
Z 0.000000, 0.000000, 1.000000

BONE 13
OFFSET -116.997658, -0.000002, 14.919540
SCALE 1.000000, 1.000000, 1.000000
X 1.000000, 0.000000, 0.000000
Y 0.000000, 0.985841, 0.167683
Z 0.000000, -0.167683, 0.985841

BONE 14
OFFSET 99.346001, -0.000002, 13.917942
SCALE 1.000000, 1.000000, 1.000000
X 1.000000, 0.000000, 0.000000
Y 0.000000, 0.981435, 0.191800
Z 0.000000, -0.191800, 0.981435

BONE 15
OFFSET -76.133873, 0.000000, 43.109917
SCALE 1.000000, 1.000000, 1.000000
X 1.000000, 0.000000, 0.000000
Y 0.000000, 1.000000, 0.000000
Z 0.000000, 0.000000, 1.000000

BONE 16
OFFSET 41.441971, -0.000002, 43.864056
SCALE 1.000000, 1.000000, 1.000000
X 1.000000, 0.000000, 0.000000
Y 0.000000, 1.000000, 0.000000
Z 0.000000, 0.000000, 1.000000

BONE 17
OFFSET -43.118462, 33.220467, 42.891972
SCALE 1.000000, 1.000000, 1.000000
X 1.000000, 0.000000, 0.000000
Y 0.000000, 1.000000, 0.000000
Z 0.000000, 0.000000, 1.000000

BONE 18
OFFSET -43.118462, -33.220474, 42.891972
SCALE 1.000000, 1.000000, 1.000000
X 1.000000, 0.000000, 0.000000
Y 0.000000, 1.000000, 0.000000
Z 0.000000, 0.000000, 1.000000

BONE 19
OFFSET 43.552307, -0.000002, 43.739597
SCALE 1.000000, 1.000000, 1.000000
X 1.000000, 0.000000, 0.000000
Y 0.000000, 1.000000, 0.000000
Z 0.000000, 0.000000, 1.000000

BONE 20
OFFSET -113.054741, 34.382946, 33.430000
SCALE 1.000000, 1.000000, 1.000000
X 1.000000, 0.000000, 0.000000
Y 0.000000, 1.000000, 0.000000
Z 0.000000, 0.000000, 1.000000

BONE 21
OFFSET 91.786812, 30.479830, 34.732861
SCALE 1.000000, 1.000000, 1.000000
X 1.000000, 0.000000, 0.000000
Y 0.000000, 1.000000, 0.000000
Z 0.000000, 0.000000, 1.000000

BONE 22
OFFSET -113.054741, -34.379139, 33.430000
SCALE 1.000000, 1.000000, 1.000000
X 1.000000, 0.000000, 0.000000
Y 0.000000, 1.000000, 0.000000
Z 0.000000, 0.000000, 1.000000

BONE 23
OFFSET 91.786812, -30.479839, 34.732861
SCALE 1.000000, 1.000000, 1.000000
X 1.000000, 0.000000, 0.000000
Y 0.000000, 1.000000, 0.000000
Z 0.000000, 0.000000, 1.000000

BONE 24
OFFSET -76.997223, -0.000002, 42.577328
SCALE 1.000000, 1.000000, 1.000000
X 1.000000, 0.000000, 0.000000
Y 0.000000, 1.000000, 0.000000
Z 0.000000, 0.000000, 1.000000

BONE 25
OFFSET -63.130180, 29.000000, 13.893404
SCALE 1.000000, 1.000000, 1.000000
X 1.000000, 0.000000, 0.000000
Y 0.000000, 1.000000, 0.000000
Z 0.000000, 0.000000, 1.000000

BONE 26
OFFSET -63.130180, -29.000000, 13.893404
SCALE 1.000000, 1.000000, 1.000000
X 1.000000, 0.000000, 0.000000
Y 0.000000, 1.000000, 0.000000
Z 0.000000, 0.000000, 1.000000

BONE 27
OFFSET 66.936256, 29.000000, 13.893404
SCALE 1.000000, 1.000000, 1.000000
X 1.000000, 0.000000, 0.000000
Y 0.000000, 1.000000, 0.000000
Z 0.000000, 0.000000, 1.000000

BONE 28
OFFSET 66.936256, -29.000000, 13.893404
SCALE 1.000000, 1.000000, 1.000000
X 1.000000, 0.000000, 0.000000
Y 0.000000, 1.000000, 0.000000
Z 0.000000, 0.000000, 1.000000

BONE 29
OFFSET -114.494057, 34.064632, 34.732864
SCALE 1.000000, 1.000000, 1.000000
X -1.000000, 0.000000, 0.000000
Y 0.000000, -1.000000, 0.000000
Z 0.000000, 0.000000, 1.000000

BONE 30
OFFSET -114.494057, -34.064568, 34.732864
SCALE 1.000000, 1.000000, 1.000000
X -1.000000, 0.000000, 0.000000
Y 0.000000, -1.000000, 0.000000
Z 0.000000, 0.000000, 1.000000

BONE 31
OFFSET -116.997658, -0.000002, 21.218594
SCALE 1.000000, 1.000000, 1.000000
X 1.000000, 0.000000, 0.000000
Y 0.000000, 1.000000, 0.000000
Z 0.000000, 0.000000, 1.000000

BONE 32
OFFSET 99.346001, -0.000002, 19.429152
SCALE 1.000000, 1.000000, 1.000000
X 1.000000, 0.000000, 0.000000
Y 0.000000, 1.000000, 0.000000
Z 0.000000, 0.000000, 1.000000

BONE 33
OFFSET 0.000000, 0.000000, 10.059114
SCALE 1.000000, 1.000000, 1.000000
X 1.000000, 0.000000, 0.000000
Y 0.000000, 1.000000, 0.000000
Z 0.000000, 0.000000, 1.000000

BONE 34
OFFSET -5.130150, 37.686123, 22.629055
SCALE 1.000000, 1.000000, 1.000000
X 0.989027, -0.147732, 0.000025
Y 0.147471, 0.987266, -0.059646
Z 0.008787, 0.058995, 0.998220

BONE 35
OFFSET 33.042561, 37.181198, 23.636406
SCALE 1.000000, 1.000000, 1.000000
X 0.992960, -0.118446, -0.000000
Y 0.118446, 0.992960, 0.000000
Z 0.000000, -0.000000, 1.000000

BONE 36
OFFSET -5.130150, -37.686123, 27.621923
SCALE 1.000000, 1.000000, 1.000000
X 0.986998, 0.160733, 0.000000
Y -0.160733, 0.986998, 0.000000
Z 0.000000, 0.000000, 1.000000

BONE 37
OFFSET 32.007786, -33.969547, 27.387093
SCALE 1.000000, 1.000000, 1.000000
X 0.969600, 0.242961, 0.029084
Y -0.243063, 0.970011, -0.000022
Z -0.028217, -0.007048, 0.999577

BONE 38
OFFSET 11.258062, 18.230141, 21.751913
SCALE 1.000000, 1.000000, 1.000000
X 1.000000, 0.000000, 0.000000
Y 0.000000, 1.000000, 0.000000
Z 0.000000, 0.000000, 1.000000

BONE 39
OFFSET -117.549919, 34.211811, 17.373898
SCALE 1.000000, 1.000000, 1.000000
X -1.000000, 0.000000, 0.000000
Y 0.000000, -1.000000, 0.000000
Z 0.000000, 0.000000, 1.000000

BONE 40
OFFSET -117.549919, -34.211842, 17.373898
SCALE 1.000000, 1.000000, 1.000000
X -1.000000, 0.000000, 0.000000
Y 0.000000, -1.000000, 0.000000
Z 0.000000, 0.000000, 1.000000

BONE 41
OFFSET 90.167053, 0.000006, 11.965942
SCALE 1.000000, 1.000000, 1.000000
X 1.000000, 0.000000, 0.000000
Y 0.000000, 1.000000, 0.000000
Z 0.000000, 0.000000, 1.000000

BONE 42
OFFSET 67.009453, 29.061520, 28.144468
SCALE 1.000000, 1.000000, 1.000000
X -0.000020, 1.000000, 0.000000
Y -1.000000, -0.000020, 0.000000
Z 0.000000, 0.000000, 1.000000

BONE 43
OFFSET 67.009453, -29.061033, 28.144468
SCALE 1.000000, 1.000000, 1.000000
X -0.000020, -1.000000, -0.000000
Y 1.000000, -0.000020, 0.000000
Z 0.000000, -0.000000, 1.000000

BONE 44
OFFSET -76.133873, 0.000000, 43.109917
SCALE 1.000000, 1.000000, 1.000000
X 1.000000, 0.000000, 0.000000
Y 0.000000, 1.000000, 0.000000
Z 0.000000, 0.000000, 1.000000

BONE 45
OFFSET -70.104637, 0.000006, 49.301212
SCALE 1.000000, 1.000000, 1.000000
X 1.000000, 0.000000, 0.000000
Y 0.000000, 1.000000, 0.000000
Z 0.000000, 0.000000, 1.000000

BONE 46
OFFSET 41.441971, -0.000002, 43.864056
SCALE 1.000000, 1.000000, 1.000000
X 1.000000, 0.000000, 0.000000
Y 0.000000, 1.000000, 0.000000
Z 0.000000, 0.000000, 1.000000

BONE 47
OFFSET 26.609669, 0.000006, 44.379612
SCALE 1.000000, 1.000000, 1.000000
X 1.000000, 0.000000, 0.000000
Y 0.000000, 1.000000, 0.000000
Z 0.000000, 0.000000, 1.000000

BONE 48
OFFSET -43.118462, 33.220467, 42.891972
SCALE 1.000000, 1.000000, 1.000000
X 1.000000, 0.000000, 0.000000
Y 0.000000, 1.000000, 0.000000
Z 0.000000, 0.000000, 1.000000

BONE 49
OFFSET -43.118462, -33.220474, 42.891972
SCALE 1.000000, 1.000000, 1.000000
X 1.000000, 0.000000, 0.000000
Y 0.000000, 1.000000, 0.000000
Z 0.000000, 0.000000, 1.000000

BONE 50
OFFSET 91.786812, 30.479830, 34.732861
SCALE 1.000000, 1.000000, 1.000000
X 1.000000, 0.000000, 0.000000
Y 0.000000, 1.000000, 0.000000
Z 0.000000, 0.000000, 1.000000

BONE 51
OFFSET 91.786812, -30.479839, 34.732861
SCALE 1.000000, 1.000000, 1.000000
X 1.000000, 0.000000, 0.000000
Y 0.000000, 1.000000, 0.000000
Z 0.000000, 0.000000, 1.000000

BONE 52
OFFSET 43.552307, -0.000002, 43.739597
SCALE 1.000000, 1.000000, 1.000000
X 1.000000, 0.000000, 0.000000
Y 0.000000, 1.000000, 0.000000
Z 0.000000, 0.000000, 1.000000

BONE 53
OFFSET 81.678886, 0.000006, 27.177242
SCALE 1.000000, 1.000000, 1.000000
X 1.000000, 0.000000, 0.000000
Y 0.000000, 1.000000, 0.000000
Z 0.000000, 0.000000, 1.000000

BONE 54
OFFSET -113.054741, 34.382946, 33.430000
SCALE 1.000000, 1.000000, 1.000000
X 1.000000, 0.000000, 0.000000
Y 0.000000, 1.000000, 0.000000
Z 0.000000, 0.000000, 1.000000

BONE 55
OFFSET 91.786812, 30.479830, 34.732861
SCALE 1.000000, 1.000000, 1.000000
X 1.000000, 0.000000, 0.000000
Y 0.000000, 1.000000, 0.000000
Z 0.000000, 0.000000, 1.000000

BONE 56
OFFSET -113.054741, -34.379139, 33.430000
SCALE 1.000000, 1.000000, 1.000000
X 1.000000, 0.000000, 0.000000
Y 0.000000, 1.000000, 0.000000
Z 0.000000, 0.000000, 1.000000

BONE 57
OFFSET 91.786812, -30.479839, 34.732861
SCALE 1.000000, 1.000000, 1.000000
X 1.000000, 0.000000, 0.000000
Y 0.000000, 1.000000, 0.000000
Z 0.000000, 0.000000, 1.000000

BONE 58
OFFSET 91.924126, 30.852325, 24.249184
SCALE 1.000000, 1.000000, 1.000000
X 1.000000, 0.000000, 0.000000
Y 0.000000, 1.000000, 0.000000
Z 0.000000, 0.000000, 1.000000

BONE 59
OFFSET 91.924126, -30.852325, 24.249184
SCALE 1.000000, 1.000000, 1.000000
X 1.000000, 0.000000, 0.000000
Y 0.000000, 1.000000, 0.000000
Z 0.000000, 0.000000, 1.000000

BONE 60
OFFSET 11.255403, -24.989491, 21.752977
SCALE 1.000000, 1.000000, 1.000000
X 1.000000, 0.000000, 0.000000
Y 0.000000, 1.000000, 0.000000
Z 0.000000, 0.000000, 1.000000

BONE 61
OFFSET -31.551746, 13.747885, 23.128767
SCALE 1.000000, 1.000000, 1.000000
X 1.000000, 0.000000, 0.000000
Y 0.000000, 1.000000, 0.000000
Z 0.000000, 0.000000, 1.000000

BONE 62
OFFSET -31.551746, -26.716858, 23.128767
SCALE 1.000000, 1.000000, 1.000000
X 1.000000, 0.000000, 0.000000
Y 0.000000, 1.000000, 0.000000
Z 0.000000, 0.000000, 1.000000

BONE 63
OFFSET -76.997223, -0.000002, 42.577328
SCALE 1.000000, 1.000000, 1.000000
X 1.000000, 0.000000, 0.000000
Y 0.000000, 1.000000, 0.000000
Z 0.000000, 0.000000, 1.000000

BONE 64
OFFSET -5.130150, 37.686123, 22.629055
SCALE 1.000000, 1.000000, 1.000000
X 0.989027, -0.147732, 0.000025
Y 0.147471, 0.987266, -0.059646
Z 0.008787, 0.058995, 0.998220

BONE 65
OFFSET -5.130150, 37.686123, 22.629055
SCALE 1.000000, 1.000000, 1.000000
X 0.989027, -0.147732, 0.000025
Y 0.147471, 0.987266, -0.059646
Z 0.008787, 0.058995, 0.998220

BONE 66
OFFSET 33.041752, 37.174389, 23.636398
SCALE 1.000000, 1.000000, 1.000000
X 0.992960, -0.118446, -0.000000
Y 0.118446, 0.992960, 0.000000
Z 0.000000, -0.000000, 1.000000

BONE 67
OFFSET 33.041752, 37.174389, 23.636398
SCALE 1.000000, 1.000000, 1.000000
X 0.992960, -0.118446, -0.000000
Y 0.118446, 0.992960, 0.000000
Z 0.000000, -0.000000, 1.000000

BONE 68
OFFSET -5.130149, -37.686123, 27.621923
SCALE 1.000000, 1.000000, 1.000000
X 0.986998, 0.160733, 0.000000
Y -0.160733, 0.986998, 0.000000
Z 0.000000, 0.000000, 1.000000

BONE 69
OFFSET -5.130149, -37.686123, 27.621923
SCALE 1.000000, 1.000000, 1.000000
X 0.986998, 0.160733, 0.000000
Y -0.160733, 0.986998, 0.000000
Z 0.000000, 0.000000, 1.000000

BONE 70
OFFSET 32.007805, -33.969597, 27.387081
SCALE 1.000000, 1.000000, 1.000000
X 0.969600, 0.242961, 0.029084
Y -0.243063, 0.970011, -0.000022
Z -0.028217, -0.007048, 0.999577

BONE 71
OFFSET 32.007805, -33.969597, 27.387081
SCALE 1.000000, 1.000000, 1.000000
X 0.969600, 0.242961, 0.029084
Y -0.243063, 0.970011, -0.000022
Z -0.028217, -0.007048, 0.999577

BONE 72
OFFSET -8.900586, 34.919888, 35.072620
SCALE 1.000000, 1.000000, 1.000000
X 0.989027, -0.147732, 0.000025
Y 0.147471, 0.987266, -0.059646
Z 0.008787, 0.058995, 0.998220

BONE 73
OFFSET -8.900586, 34.919888, 35.072620
SCALE 1.000000, 1.000000, 1.000000
X 0.989027, -0.147732, 0.000025
Y 0.147471, 0.987266, -0.059646
Z 0.008787, 0.058995, 0.998220

BONE 74
OFFSET -18.827137, 34.863953, 39.653137
SCALE 1.000000, 1.000000, 1.000000
X 0.989027, -0.147732, 0.000025
Y 0.147471, 0.987266, -0.059646
Z 0.008787, 0.058995, 0.998220

BONE 75
OFFSET 13.978230, 35.227222, 35.793045
SCALE 1.000000, 1.000000, 1.000000
X 0.992960, -0.118446, -0.000000
Y 0.118446, 0.992960, 0.000000
Z 0.000000, -0.000000, 1.000000

BONE 76
OFFSET 13.978230, 35.227222, 35.793045
SCALE 1.000000, 1.000000, 1.000000
X 0.992960, -0.118446, -0.000000
Y 0.118446, 0.992960, 0.000000
Z 0.000000, -0.000000, 1.000000

BONE 77
OFFSET 5.063020, 34.648983, 40.809895
SCALE 1.000000, 1.000000, 1.000000
X 0.992960, -0.118446, -0.000000
Y 0.118446, 0.992960, 0.000000
Z 0.000000, -0.000000, 1.000000

BONE 78
OFFSET -9.054699, -34.242897, 39.847000
SCALE 1.000000, 1.000000, 1.000000
X 0.986998, 0.160733, 0.000000
Y -0.160733, 0.986998, 0.000000
Z 0.000000, 0.000000, 1.000000

BONE 79
OFFSET -9.054699, -34.242897, 39.847000
SCALE 1.000000, 1.000000, 1.000000
X 0.986998, 0.160733, 0.000000
Y -0.160733, 0.986998, 0.000000
Z 0.000000, 0.000000, 1.000000

BONE 80
OFFSET -19.345774, -33.793106, 44.328831
SCALE 1.000000, 1.000000, 1.000000
X 0.986998, 0.160733, 0.000000
Y -0.160733, 0.986998, 0.000000
Z 0.000000, 0.000000, 1.000000

BONE 81
OFFSET 12.514063, -34.525829, 38.994667
SCALE 1.000000, 1.000000, 1.000000
X 0.969600, 0.242961, 0.029084
Y -0.243063, 0.970011, -0.000022
Z -0.028217, -0.007048, 0.999577

BONE 82
OFFSET 12.514063, -34.525829, 38.994667
SCALE 1.000000, 1.000000, 1.000000
X 0.969600, 0.242961, 0.029084
Y -0.243063, 0.970011, -0.000022
Z -0.028217, -0.007048, 0.999577

BONE 83
OFFSET 3.386716, -34.824188, 43.753880
SCALE 1.000000, 1.000000, 1.000000
X 0.969600, 0.242961, 0.029084
Y -0.243063, 0.970011, -0.000022
Z -0.028217, -0.007048, 0.999577

BONE 84
OFFSET 25.880630, 37.158993, 39.053490
SCALE 1.000000, 1.000000, 1.000000
X 0.992960, -0.118446, -0.000000
Y 0.118446, 0.992960, 0.000000
Z 0.000000, -0.000000, 1.000000

BONE 85
OFFSET 25.880630, 37.158993, 39.053490
SCALE 1.000000, 1.000000, 1.000000
X 0.992960, -0.118446, -0.000000
Y 0.118446, 0.992960, 0.000000
Z 0.000000, -0.000000, 1.000000

BONE 86
OFFSET 24.468441, -34.961121, 42.590885
SCALE 1.000000, 1.000000, 1.000000
X 0.969600, 0.242961, 0.029084
Y -0.243063, 0.970011, -0.000022
Z -0.028217, -0.007048, 0.999577

BONE 87
OFFSET 24.468441, -34.961121, 42.590885
SCALE 1.000000, 1.000000, 1.000000
X 0.969600, 0.242961, 0.029084
Y -0.243063, 0.970011, -0.000022
Z -0.028217, -0.007048, 0.999577

NUMVERTS 9495
VERT 0
OFFSET -112.254059, 3.158961, 28.395300
BONES 1
BONE 3 1.000000

VERT 1
OFFSET -111.857872, 2.353651, 29.988464
BONES 1
BONE 3 1.000000

VERT 2
OFFSET -111.712059, 3.785942, 29.072475
BONES 1
BONE 3 1.000000

VERT 3
OFFSET 94.399368, 11.424214, 23.233442
BONES 1
BONE 3 1.000000

VERT 4
OFFSET 94.457626, 11.389131, 23.898989
BONES 1
BONE 3 1.000000

VERT 5
OFFSET 95.172363, 8.013045, 24.021252
BONES 1
BONE 3 1.000000

VERT 6
OFFSET 94.899529, 7.906081, 22.847000
BONES 1
BONE 3 1.000000

VERT 7
OFFSET 96.027710, 1.059658, 21.984339
BONES 1
BONE 3 1.000000

VERT 8
OFFSET 95.574486, 0.907010, 19.754662
BONES 1
BONE 3 1.000000

VERT 9
OFFSET 94.899529, -5.605317, 23.772017
BONES 1
BONE 3 1.000000

VERT 10
OFFSET 95.172363, -5.551250, 24.949890
BONES 1
BONE 3 1.000000

VERT 11
OFFSET 94.399368, -9.037960, 24.634323
BONES 1
BONE 3 1.000000

VERT 12
OFFSET 94.457626, -8.912498, 25.288877
BONES 1
BONE 3 1.000000

VERT 13
OFFSET 96.930504, 1.347381, 26.187002
BONES 1
BONE 3 1.000000

VERT 14
OFFSET 96.745651, 0.195357, 26.228374
BONES 1
BONE 3 1.000000

VERT 15
OFFSET 96.468712, -0.190811, 25.634027
BONES 1
BONE 3 1.000000

VERT 16
OFFSET 96.242737, 0.121517, 24.455210
BONES 1
BONE 3 1.000000

VERT 17
OFFSET 96.465546, 1.237602, 24.583508
BONES 1
BONE 3 1.000000

VERT 18
OFFSET 96.048897, 0.114232, 23.265598
BONES 1
BONE 3 1.000000

VERT 19
OFFSET 96.140968, 1.099089, 22.560295
BONES 1
BONE 3 1.000000

VERT 20
OFFSET 96.930504, 1.347381, 26.187002
BONES 1
BONE 3 1.000000

VERT 21
OFFSET 96.468712, 2.795857, 25.429552
BONES 1
BONE 3 1.000000

VERT 22
OFFSET 96.745651, 2.494293, 26.070984
BONES 1
BONE 3 1.000000

VERT 23
OFFSET 96.242737, 2.325789, 24.304302
BONES 1
BONE 3 1.000000

VERT 24
OFFSET 96.465546, 1.237602, 24.583508
BONES 1
BONE 3 1.000000

VERT 25
OFFSET 96.048897, 2.170879, 23.124796
BONES 1
BONE 3 1.000000

VERT 26
OFFSET 96.140968, 1.099089, 22.560295
BONES 1
BONE 3 1.000000

VERT 27
OFFSET -112.395821, 3.202849, 30.031199
BONES 1
BONE 3 1.000000

VERT 28
OFFSET -112.598412, 3.523318, 29.492022
BONES 1
BONE 3 1.000000

VERT 29
OFFSET -112.093788, 8.648580, 28.590988
BONES 1
BONE 3 1.000000

VERT 30
OFFSET -111.472565, 3.210292, 30.139906
BONES 1
BONE 3 1.000000

VERT 31
OFFSET -111.857872, 2.353651, 29.988464
BONES 1
BONE 3 1.000000

VERT 32
OFFSET -113.374939, 2.401172, 29.965172
BONES 1
BONE 3 1.000000

VERT 33
OFFSET -113.600075, 2.753879, 29.699909
BONES 1
BONE 3 1.000000

VERT 34
OFFSET -112.598412, 3.523318, 29.492022
BONES 1
BONE 3 1.000000

VERT 35
OFFSET -111.474060, 8.723650, 28.550636
BONES 1
BONE 3 1.000000

VERT 36
OFFSET -111.630333, 11.433605, 28.401947
BONES 1
BONE 3 1.000000

VERT 37
OFFSET -111.165833, 11.543262, 28.285364
BONES 1
BONE 3 1.000000

VERT 38
OFFSET -111.342094, 11.499183, 27.641504
BONES 1
BONE 3 1.000000

VERT 39
OFFSET -111.980637, 11.238511, 28.011185
BONES 1
BONE 3 1.000000

VERT 40
OFFSET -111.647667, 8.889267, 27.763451
BONES 1
BONE 3 1.000000

VERT 41
OFFSET -112.394112, 8.627935, 28.150009
BONES 1
BONE 3 1.000000

VERT 42
OFFSET -113.873077, 2.660029, 29.781139
BONES 1
BONE 3 1.000000

VERT 43
OFFSET -111.830582, 1.629573, 30.308893
BONES 1
BONE 3 1.000000

VERT 44
OFFSET -113.765053, 1.628088, 30.287195
BONES 1
BONE 3 1.000000

VERT 45
OFFSET -113.873077, 2.660029, 29.781139
BONES 1
BONE 3 1.000000

VERT 46
OFFSET -114.133781, 1.526788, 28.807545
BONES 1
BONE 3 1.000000

VERT 47
OFFSET -114.133804, 3.028132, 28.704767
BONES 1
BONE 3 1.000000

VERT 48
OFFSET -114.394516, 2.516769, 27.688595
BONES 1
BONE 3 1.000000

VERT 49
OFFSET -112.670944, 2.603379, 27.029879
BONES 1
BONE 3 1.000000

VERT 50
OFFSET -112.254059, 3.158961, 28.395300
BONES 1
BONE 3 1.000000

VERT 51
OFFSET -113.642334, 2.928176, 29.194559
BONES 1
BONE 3 1.000000

VERT 52
OFFSET -113.873077, 0.536808, 29.926498
BONES 1
BONE 3 1.000000

VERT 53
OFFSET -114.133804, 0.025445, 28.910336
BONES 1
BONE 3 1.000000

VERT 54
OFFSET -114.394516, 0.393548, 27.833954
BONES 1
BONE 3 1.000000

VERT 55
OFFSET -114.502502, 1.425488, 27.327890
BONES 1
BONE 3 1.000000

VERT 56
OFFSET -112.844452, 1.380571, 26.671799
BONES 1
BONE 3 1.000000

VERT 57
OFFSET -113.374939, 0.818330, 30.073536
BONES 1
BONE 3 1.000000

VERT 58
OFFSET -111.830582, 1.629573, 30.308893
BONES 1
BONE 3 1.000000

VERT 59
OFFSET -111.857872, 0.868582, 30.090134
BONES 1
BONE 3 1.000000

VERT 60
OFFSET -112.395576, 0.207728, 30.942247
BONES 1
BONE 3 1.000000

VERT 61
OFFSET -112.598175, -0.183233, 30.451777
BONES 1
BONE 3 1.000000

VERT 62
OFFSET -113.600075, 0.432762, 29.858816
BONES 1
BONE 3 1.000000

VERT 63
OFFSET -113.873077, 0.536808, 29.926498
BONES 1
BONE 3 1.000000

VERT 64
OFFSET -111.472328, 0.215170, 31.050951
BONES 1
BONE 3 1.000000

VERT 65
OFFSET -112.149261, -5.237569, 32.007065
BONES 1
BONE 3 1.000000

VERT 66
OFFSET -112.449585, -5.277217, 31.567383
BONES 1
BONE 3 1.000000

VERT 67
OFFSET -111.711815, -0.500585, 30.071934
BONES 1
BONE 3 1.000000

VERT 68
OFFSET -112.254059, -0.146338, 28.621586
BONES 1
BONE 3 1.000000

VERT 69
OFFSET -113.642334, 0.191220, 29.381939
BONES 1
BONE 3 1.000000

VERT 70
OFFSET -111.529526, -5.317439, 31.977322
BONES 1
BONE 3 1.000000

VERT 71
OFFSET -111.685806, -8.022373, 32.199345
BONES 1
BONE 3 1.000000

VERT 72
OFFSET -112.036110, -7.882354, 31.785637
BONES 1
BONE 3 1.000000

VERT 73
OFFSET -111.703140, -5.588792, 31.220051
BONES 1
BONE 3 1.000000

VERT 74
OFFSET -111.221298, -8.146894, 32.098793
BONES 1
BONE 3 1.000000

VERT 75
OFFSET -111.397568, -8.190975, 31.454933
BONES 1
BONE 3 1.000000

VERT 76
OFFSET -112.844452, 1.380571, 26.671799
BONES 1
BONE 3 1.000000

VERT 77
OFFSET -112.670944, 0.217973, 27.193186
BONES 1
BONE 3 1.000000

VERT 78
OFFSET -112.844452, 1.380571, 26.671799
BONES 1
BONE 3 1.000000

VERT 79
OFFSET -111.830582, 1.629573, 30.308893
BONES 1
BONE 3 1.000000

VERT 80
OFFSET -112.670944, 2.603379, 27.029879
BONES 1
BONE 3 1.000000

VERT 81
OFFSET -111.472565, 3.210292, 30.139906
BONES 1
BONE 3 1.000000

VERT 82
OFFSET -111.712059, 3.785942, 29.072475
BONES 1
BONE 3 1.000000

VERT 83
OFFSET -111.474060, 8.723650, 28.550636
BONES 1
BONE 3 1.000000

VERT 84
OFFSET -111.165833, 11.543262, 28.285364
BONES 1
BONE 3 1.000000

VERT 85
OFFSET -111.342094, 11.499183, 27.641504
BONES 1
BONE 3 1.000000

VERT 86
OFFSET -111.712059, 3.785942, 29.072475
BONES 1
BONE 3 1.000000

VERT 87
OFFSET -112.394112, 8.627935, 28.150009
BONES 1
BONE 3 1.000000

VERT 88
OFFSET -112.844452, 1.380571, 26.671799
BONES 1
BONE 3 1.000000

VERT 89
OFFSET -112.670944, 0.217973, 27.193186
BONES 1
BONE 3 1.000000

VERT 90
OFFSET -111.830582, 1.629573, 30.308893
BONES 1
BONE 3 1.000000

VERT 91
OFFSET -111.857872, 0.868582, 30.090134
BONES 1
BONE 3 1.000000

VERT 92
OFFSET -112.254059, -0.146338, 28.621586
BONES 1
BONE 3 1.000000

VERT 93
OFFSET -111.711815, -0.500585, 30.071934
BONES 1
BONE 3 1.000000

VERT 94
OFFSET -111.472328, 0.215170, 31.050951
BONES 1
BONE 3 1.000000

VERT 95
OFFSET -111.529526, -5.317439, 31.977322
BONES 1
BONE 3 1.000000

VERT 96
OFFSET -111.703140, -5.588792, 31.220051
BONES 1
BONE 3 1.000000

VERT 97
OFFSET -111.221298, -8.146894, 32.098793
BONES 1
BONE 3 1.000000

VERT 98
OFFSET -111.397568, -8.190975, 31.454933
BONES 1
BONE 3 1.000000

VERT 99
OFFSET 95.976555, -5.586977, 24.302168
BONES 1
BONE 3 1.000000

VERT 100
OFFSET 94.899529, -5.605317, 23.772017
BONES 1
BONE 3 1.000000

VERT 101
OFFSET 95.051506, -8.878251, 24.965740
BONES 1
BONE 3 1.000000

VERT 102
OFFSET 96.535080, 0.995356, 21.045103
BONES 1
BONE 3 1.000000

VERT 103
OFFSET 95.574486, 0.907010, 19.754662
BONES 1
BONE 3 1.000000

VERT 104
OFFSET 94.899529, 7.906081, 22.847000
BONES 1
BONE 3 1.000000

VERT 105
OFFSET 95.976555, 7.960163, 23.374702
BONES 1
BONE 3 1.000000

VERT 106
OFFSET 95.051506, 11.311164, 23.583532
BONES 1
BONE 3 1.000000

VERT 107
OFFSET 94.399368, 11.424214, 23.233442
BONES 1
BONE 3 1.000000

VERT 108
OFFSET 94.457626, 11.389131, 23.898989
BONES 1
BONE 3 1.000000

VERT 109
OFFSET 95.172363, 8.013045, 24.021252
BONES 1
BONE 3 1.000000

VERT 110
OFFSET 95.976555, 7.960163, 23.374702
BONES 1
BONE 3 1.000000

VERT 111
OFFSET 96.027710, 1.059658, 21.984339
BONES 1
BONE 3 1.000000

VERT 112
OFFSET 95.976555, -5.586977, 24.302168
BONES 1
BONE 3 1.000000

VERT 113
OFFSET 95.172363, -5.551250, 24.949890
BONES 1
BONE 3 1.000000

VERT 114
OFFSET 94.457626, -8.912498, 25.288877
BONES 1
BONE 3 1.000000

VERT 115
OFFSET 94.399368, -9.037960, 24.634323
BONES 1
BONE 3 1.000000

VERT 116
OFFSET 96.048897, 0.114232, 23.265598
BONES 1
BONE 3 1.000000

VERT 117
OFFSET 96.242737, 0.121517, 24.455210
BONES 1
BONE 3 1.000000

VERT 118
OFFSET 96.718102, 0.421411, 23.379698
BONES 1
BONE 3 1.000000

VERT 119
OFFSET 96.975883, 0.411845, 24.423183
BONES 1
BONE 3 1.000000

VERT 120
OFFSET 97.138969, 1.222824, 24.367655
BONES 1
BONE 3 1.000000

VERT 121
OFFSET 96.764824, 1.116858, 22.819834
BONES 1
BONE 3 1.000000

VERT 122
OFFSET 96.140968, 1.099089, 22.560295
BONES 1
BONE 3 1.000000

VERT 123
OFFSET 97.191971, 0.103070, 25.416613
BONES 1
BONE 3 1.000000

VERT 124
OFFSET 97.351685, 0.491902, 25.863407
BONES 1
BONE 3 1.000000

VERT 125
OFFSET 97.532944, 1.322442, 25.822737
BONES 1
BONE 3 1.000000

VERT 126
OFFSET 97.351685, 2.150776, 25.749838
BONES 1
BONE 3 1.000000

VERT 127
OFFSET 96.975883, 2.033805, 24.312141
BONES 1
BONE 3 1.000000

VERT 128
OFFSET 96.718102, 1.882117, 23.279696
BONES 1
BONE 3 1.000000

VERT 129
OFFSET 96.048897, 2.170879, 23.124796
BONES 1
BONE 3 1.000000

VERT 130
OFFSET 96.468712, -0.190811, 25.634027
BONES 1
BONE 3 1.000000

VERT 131
OFFSET 96.745651, 0.195357, 26.228374
BONES 1
BONE 3 1.000000

VERT 132
OFFSET 96.930504, 1.347381, 26.187002
BONES 1
BONE 3 1.000000

VERT 133
OFFSET 96.745651, 2.494293, 26.070984
BONES 1
BONE 3 1.000000

VERT 134
OFFSET 97.191971, 2.475089, 25.254221
BONES 1
BONE 3 1.000000

VERT 135
OFFSET 96.242737, 2.325789, 24.304302
BONES 1
BONE 3 1.000000

VERT 136
OFFSET 96.468712, 2.795857, 25.429552
BONES 1
BONE 3 1.000000

VERT 137
OFFSET 25.589146, 37.167606, 38.783367
BONES 1
BONE 85 1.000000

VERT 138
OFFSET 25.880630, 37.158875, 39.053490
BONES 1
BONE 85 1.000000

VERT 139
OFFSET 24.956827, 37.237083, 39.074005
BONES 1
BONE 85 1.000000

VERT 140
OFFSET 24.945061, 36.936363, 38.816055
BONES 1
BONE 85 1.000000

VERT 141
OFFSET 24.942410, 36.950436, 39.081051
BONES 1
BONE 85 1.000000

VERT 142
OFFSET 25.582186, 36.877254, 38.793434
BONES 1
BONE 85 1.000000

VERT 143
OFFSET 25.589146, 37.167606, 38.783367
BONES 1
BONE 85 1.000000

VERT 144
OFFSET 25.762138, 36.742428, 38.709538
BONES 1
BONE 85 1.000000

VERT 145
OFFSET 24.630106, 34.893139, 35.287834
BONES 1
BONE 85 1.000000

VERT 146
OFFSET 25.807554, 34.946758, 35.200947
BONES 1
BONE 85 1.000000

VERT 147
OFFSET 24.665899, 35.856663, 34.919411
BONES 1
BONE 85 1.000000

VERT 148
OFFSET 25.852762, 35.939541, 34.787956
BONES 1
BONE 85 1.000000

VERT 149
OFFSET 23.356226, 34.221577, 40.503155
BONES 1
BONE 85 1.000000

VERT 150
OFFSET 23.577963, 34.220524, 37.970005
BONES 1
BONE 85 1.000000

VERT 151
OFFSET 23.570631, 34.743011, 37.343327
BONES 1
BONE 85 1.000000

VERT 152
OFFSET 23.281185, 34.811890, 41.171307
BONES 1
BONE 85 1.000000

VERT 153
OFFSET 23.306204, 39.453453, 41.047657
BONES 1
BONE 85 1.000000

VERT 154
OFFSET 23.548517, 39.471485, 37.344990
BONES 1
BONE 85 1.000000

VERT 155
OFFSET 23.494287, 39.994621, 38.088120
BONES 1
BONE 85 1.000000

VERT 156
OFFSET 23.342630, 40.027534, 40.457642
BONES 1
BONE 85 1.000000

VERT 157
OFFSET 25.582186, 36.877254, 38.793434
BONES 1
BONE 85 1.000000

VERT 158
OFFSET 25.663490, 36.602947, 38.923027
BONES 1
BONE 85 1.000000

VERT 159
OFFSET 25.762138, 36.742428, 38.709538
BONES 1
BONE 85 1.000000

VERT 160
OFFSET 24.945061, 36.936363, 38.816055
BONES 1
BONE 85 1.000000

VERT 161
OFFSET 24.954311, 37.241524, 38.805920
BONES 1
BONE 85 1.000000

VERT 162
OFFSET 24.414963, 36.826672, 38.637741
BONES 1
BONE 85 1.000000

VERT 163
OFFSET 24.420294, 37.446411, 38.614002
BONES 1
BONE 85 1.000000

VERT 164
OFFSET 24.427631, 37.444454, 39.253540
BONES 1
BONE 85 1.000000

VERT 165
OFFSET 24.404510, 36.833641, 39.270081
BONES 1
BONE 85 1.000000

VERT 166
OFFSET 24.942410, 36.950436, 39.081051
BONES 1
BONE 85 1.000000

VERT 167
OFFSET 24.414963, 36.826672, 38.637741
BONES 1
BONE 85 1.000000

VERT 168
OFFSET 25.880630, 37.158875, 39.053490
BONES 1
BONE 85 1.000000

VERT 169
OFFSET 25.866209, 36.872261, 39.060543
BONES 1
BONE 85 1.000000

VERT 170
OFFSET 25.663490, 36.602947, 38.923027
BONES 1
BONE 85 1.000000

VERT 171
OFFSET 25.566931, 35.870613, 36.134396
BONES 1
BONE 85 1.000000

VERT 172
OFFSET 24.630106, 34.893139, 35.287834
BONES 1
BONE 85 1.000000

VERT 173
OFFSET 24.665899, 35.856663, 34.919411
BONES 1
BONE 85 1.000000

VERT 174
OFFSET 25.581417, 36.187424, 36.002327
BONES 1
BONE 85 1.000000

VERT 175
OFFSET 25.586605, 36.429249, 36.575039
BONES 1
BONE 85 1.000000

VERT 176
OFFSET 25.580564, 36.584705, 36.283360
BONES 1
BONE 85 1.000000

VERT 177
OFFSET 25.663490, 36.602947, 38.923027
BONES 1
BONE 85 1.000000

VERT 178
OFFSET 25.852762, 35.939541, 34.787956
BONES 1
BONE 85 1.000000

VERT 179
OFFSET 25.848074, 36.135006, 35.873268
BONES 1
BONE 85 1.000000

VERT 180
OFFSET 25.858259, 36.549370, 36.273792
BONES 1
BONE 85 1.000000

VERT 181
OFFSET 25.580564, 36.584705, 36.283360
BONES 1
BONE 85 1.000000

VERT 182
OFFSET 26.064678, 36.959709, 38.579948
BONES 1
BONE 85 1.000000

VERT 183
OFFSET 25.807554, 34.946758, 35.200947
BONES 1
BONE 85 1.000000

VERT 184
OFFSET 25.826719, 35.822330, 36.005184
BONES 1
BONE 85 1.000000

VERT 185
OFFSET 25.566931, 35.870613, 36.134396
BONES 1
BONE 85 1.000000

VERT 186
OFFSET 25.857069, 36.395557, 36.562206
BONES 1
BONE 85 1.000000

VERT 187
OFFSET 25.586605, 36.429249, 36.575039
BONES 1
BONE 85 1.000000

VERT 188
OFFSET 25.961266, 36.826996, 38.790749
BONES 1
BONE 85 1.000000

VERT 189
OFFSET 24.630106, 34.893139, 35.287834
BONES 1
BONE 85 1.000000

VERT 190
OFFSET 25.663490, 36.602947, 38.923027
BONES 1
BONE 85 1.000000

VERT 191
OFFSET 25.961266, 36.826996, 38.790749
BONES 1
BONE 85 1.000000

VERT 192
OFFSET 26.064678, 36.959709, 38.579948
BONES 1
BONE 85 1.000000

VERT 193
OFFSET 25.848074, 36.135006, 35.873268
BONES 1
BONE 85 1.000000

VERT 194
OFFSET 25.852762, 35.939541, 34.787956
BONES 1
BONE 85 1.000000

VERT 195
OFFSET 25.857069, 36.395557, 36.562206
BONES 1
BONE 85 1.000000

VERT 196
OFFSET 23.306204, 39.453453, 41.047657
BONES 1
BONE 85 1.000000

VERT 197
OFFSET 23.342630, 40.027534, 40.457642
BONES 1
BONE 85 1.000000

VERT 198
OFFSET 23.628613, 39.418793, 41.012199
BONES 1
BONE 85 1.000000

VERT 199
OFFSET 23.664907, 39.998421, 40.435852
BONES 1
BONE 85 1.000000

VERT 200
OFFSET 24.427631, 37.444454, 39.253540
BONES 1
BONE 85 1.000000

VERT 201
OFFSET 23.579737, 34.847874, 41.139469
BONES 1
BONE 85 1.000000

VERT 202
OFFSET 23.281185, 34.811890, 41.171307
BONES 1
BONE 85 1.000000

VERT 203
OFFSET 23.356226, 34.221577, 40.503155
BONES 1
BONE 85 1.000000

VERT 204
OFFSET 23.619978, 34.260269, 40.454147
BONES 1
BONE 85 1.000000

VERT 205
OFFSET 23.577963, 34.220524, 37.970005
BONES 1
BONE 85 1.000000

VERT 206
OFFSET 23.494287, 39.994621, 38.088120
BONES 1
BONE 85 1.000000

VERT 207
OFFSET 23.812441, 39.966251, 38.091084
BONES 1
BONE 85 1.000000

VERT 208
OFFSET 24.420294, 37.446411, 38.614002
BONES 1
BONE 85 1.000000

VERT 209
OFFSET 23.859850, 39.396000, 37.322525
BONES 1
BONE 85 1.000000

VERT 210
OFFSET 23.889418, 34.765930, 37.384937
BONES 1
BONE 85 1.000000

VERT 211
OFFSET 24.414963, 36.826672, 38.637741
BONES 1
BONE 85 1.000000

VERT 212
OFFSET 23.880484, 34.254253, 38.013084
BONES 1
BONE 85 1.000000

VERT 213
OFFSET 24.404510, 36.833641, 39.270081
BONES 1
BONE 85 1.000000

VERT 214
OFFSET 23.548517, 39.471485, 37.344990
BONES 1
BONE 85 1.000000

VERT 215
OFFSET 23.570631, 34.743011, 37.343327
BONES 1
BONE 85 1.000000

VERT 216
OFFSET 23.060532, -35.378658, 42.767094
BONES 1
BONE 87 1.000000

VERT 217
OFFSET 22.982346, -34.772415, 42.783180
BONES 1
BONE 87 1.000000

VERT 218
OFFSET 23.563961, -35.136513, 42.592876
BONES 1
BONE 87 1.000000

VERT 219
OFFSET 23.255482, -33.067982, 38.811653
BONES 1
BONE 87 1.000000

VERT 220
OFFSET 23.577162, -33.928375, 38.340851
BONES 1
BONE 87 1.000000

VERT 221
OFFSET 24.390417, -32.765522, 39.017803
BONES 1
BONE 87 1.000000

VERT 222
OFFSET 24.743952, -33.644577, 38.507412
BONES 1
BONE 87 1.000000

VERT 223
OFFSET 22.019636, -32.759228, 40.834152
BONES 1
BONE 87 1.000000

VERT 224
OFFSET 21.962364, -32.240002, 41.460964
BONES 1
BONE 87 1.000000

VERT 225
OFFSET 21.669815, -32.268246, 43.986755
BONES 1
BONE 87 1.000000

VERT 226
OFFSET 21.629004, -32.864838, 44.652294
BONES 1
BONE 87 1.000000

VERT 227
OFFSET 22.073034, -37.485153, 44.527794
BONES 1
BONE 87 1.000000

VERT 228
OFFSET 22.420969, -37.470692, 40.833542
BONES 1
BONE 87 1.000000

VERT 229
OFFSET 22.392731, -37.998737, 41.574642
BONES 1
BONE 87 1.000000

VERT 230
OFFSET 22.177448, -38.051952, 43.938862
BONES 1
BONE 87 1.000000

VERT 231
OFFSET 23.588900, -34.851101, 42.611362
BONES 1
BONE 87 1.000000

VERT 232
OFFSET 24.383730, -34.976234, 42.529018
BONES 1
BONE 87 1.000000

VERT 233
OFFSET 24.357765, -34.691078, 42.508572
BONES 1
BONE 87 1.000000

VERT 234
OFFSET 23.563961, -35.136513, 42.592876
BONES 1
BONE 87 1.000000

VERT 235
OFFSET 23.533449, -34.822098, 42.353462
BONES 1
BONE 87 1.000000

VERT 236
OFFSET 24.110331, -34.732281, 42.210037
BONES 1
BONE 87 1.000000

VERT 237
OFFSET 23.010073, -34.762707, 42.151394
BONES 1
BONE 87 1.000000

VERT 238
OFFSET 23.588900, -34.851101, 42.611362
BONES 1
BONE 87 1.000000

VERT 239
OFFSET 24.169447, -33.791203, 39.577221
BONES 1
BONE 87 1.000000

VERT 240
OFFSET 24.383730, -34.976234, 42.529018
BONES 1
BONE 87 1.000000

VERT 241
OFFSET 24.129427, -35.021774, 42.226921
BONES 1
BONE 87 1.000000

VERT 242
OFFSET 23.500410, -35.125061, 42.332645
BONES 1
BONE 87 1.000000

VERT 243
OFFSET 23.071550, -35.379406, 42.127605
BONES 1
BONE 87 1.000000

VERT 244
OFFSET 23.010073, -34.762707, 42.151394
BONES 1
BONE 87 1.000000

VERT 245
OFFSET 23.533449, -34.822098, 42.353462
BONES 1
BONE 87 1.000000

VERT 246
OFFSET 24.110331, -34.732281, 42.210037
BONES 1
BONE 87 1.000000

VERT 247
OFFSET 24.001251, -34.156727, 39.399513
BONES 1
BONE 87 1.000000

VERT 248
OFFSET 23.888256, -33.876274, 39.562603
BONES 1
BONE 87 1.000000

VERT 249
OFFSET 23.577162, -33.928375, 38.340851
BONES 1
BONE 87 1.000000

VERT 250
OFFSET 23.255482, -33.067982, 38.811653
BONES 1
BONE 87 1.000000

VERT 251
OFFSET 24.743952, -33.644577, 38.507412
BONES 1
BONE 87 1.000000

VERT 252
OFFSET 24.287922, -34.067387, 39.418121
BONES 1
BONE 87 1.000000

VERT 253
OFFSET 24.129427, -35.021774, 42.226921
BONES 1
BONE 87 1.000000

VERT 254
OFFSET 24.169447, -33.791203, 39.577221
BONES 1
BONE 87 1.000000

VERT 255
OFFSET 24.287922, -34.067387, 39.418121
BONES 1
BONE 87 1.000000

VERT 256
OFFSET 24.743952, -33.644577, 38.507412
BONES 1
BONE 87 1.000000

VERT 257
OFFSET 24.390417, -32.765522, 39.017803
BONES 1
BONE 87 1.000000

VERT 258
OFFSET 23.888256, -33.876274, 39.562603
BONES 1
BONE 87 1.000000

VERT 259
OFFSET 23.255482, -33.067982, 38.811653
BONES 1
BONE 87 1.000000

VERT 260
OFFSET 21.669815, -32.268246, 43.986755
BONES 1
BONE 87 1.000000

VERT 261
OFFSET 21.962364, -32.240002, 41.460964
BONES 1
BONE 87 1.000000

VERT 262
OFFSET 21.937254, -32.283028, 43.945278
BONES 1
BONE 87 1.000000

VERT 263
OFFSET 22.265347, -32.246643, 41.512646
BONES 1
BONE 87 1.000000

VERT 264
OFFSET 22.982346, -34.772415, 42.783180
BONES 1
BONE 87 1.000000

VERT 265
OFFSET 21.930361, -32.873863, 44.628971
BONES 1
BONE 87 1.000000

VERT 266
OFFSET 21.629004, -32.864838, 44.652294
BONES 1
BONE 87 1.000000

VERT 267
OFFSET 22.073034, -37.485153, 44.527794
BONES 1
BONE 87 1.000000

VERT 268
OFFSET 22.391920, -37.421673, 44.501553
BONES 1
BONE 87 1.000000

VERT 269
OFFSET 22.177448, -38.051952, 43.938862
BONES 1
BONE 87 1.000000

VERT 270
OFFSET 22.337881, -32.753643, 40.884830
BONES 1
BONE 87 1.000000

VERT 271
OFFSET 23.010073, -34.762707, 42.151394
BONES 1
BONE 87 1.000000

VERT 272
OFFSET 22.019636, -32.759228, 40.834152
BONES 1
BONE 87 1.000000

VERT 273
OFFSET 22.724804, -37.367580, 40.819988
BONES 1
BONE 87 1.000000

VERT 274
OFFSET 23.071550, -35.379406, 42.127605
BONES 1
BONE 87 1.000000

VERT 275
OFFSET 22.420969, -37.470692, 40.833542
BONES 1
BONE 87 1.000000

VERT 276
OFFSET 22.706854, -37.942017, 41.586678
BONES 1
BONE 87 1.000000

VERT 277
OFFSET 23.060532, -35.378658, 42.767094
BONES 1
BONE 87 1.000000

VERT 278
OFFSET 22.496311, -37.994061, 43.926277
BONES 1
BONE 87 1.000000

VERT 279
OFFSET 22.392731, -37.998737, 41.574642
BONES 1
BONE 87 1.000000

VERT 280
OFFSET 66.879990, 25.195704, 7.443224
BONES 1
BONE 3 1.000000

VERT 281
OFFSET 49.716110, 25.211832, 11.803639
BONES 1
BONE 3 1.000000

VERT 282
OFFSET 44.521820, 24.530497, 2.350330
BONES 1
BONE 3 1.000000

VERT 283
OFFSET -39.290951, 36.806480, 2.932109
BONES 1
BONE 3 1.000000

VERT 284
OFFSET -39.198990, 36.420650, 2.206501
BONES 1
BONE 3 1.000000

VERT 285
OFFSET -39.181656, 34.924805, 2.308909
BONES 1
BONE 3 1.000000

VERT 286
OFFSET -39.295628, 36.399044, 10.981112
BONES 1
BONE 3 1.000000

VERT 287
OFFSET -39.328770, 37.232533, 3.356968
BONES 1
BONE 3 1.000000

VERT 288
OFFSET -39.290951, 36.806480, 2.932109
BONES 1
BONE 3 1.000000

VERT 289
OFFSET -39.181656, 34.924805, 2.308909
BONES 1
BONE 3 1.000000

VERT 290
OFFSET -39.037895, 33.627792, 34.417534
BONES 1
BONE 3 1.000000

VERT 291
OFFSET -38.459618, 33.601883, 34.039089
BONES 1
BONE 3 1.000000

VERT 292
